     1   0.0000  -4.2508  11.0550  -2.4594
     2   0.0000   0.0000  11.0550   2.3800
     3 130.4653  -0.4157  11.0050   0.6708
     4 131.9319  -0.5338  11.0050   0.6545
     5 133.0559  -0.3362  11.0050   0.6345
     6 132.8031  -0.5143  11.0050   0.6483
     7 132.2975  -0.4171  11.0050   0.6456
     8 130.8983  -0.3913  11.0050   0.6640
     9 132.6654  -0.4922  11.0050   0.6463
    10 134.3861  -0.2895  11.0050   0.6168
    11 134.8860  -0.3636  11.0050   0.6137
    12 134.7466  -0.1396  11.0050   0.6096
    13 133.3386  -0.2883  11.0050   0.6312
    14 134.5416  -0.2448  11.0050   0.6171
    15 136.0883  -0.2150  11.0050   0.5971
    16 136.7666  -0.2535  11.0050   0.5938
    17 136.2182  -0.4243  11.0050   0.6040
    18 134.9765  -0.3490  11.0050   0.6155
    19 136.0465  -0.4401  11.0050   0.6072
    20 137.6164  -0.5177  11.0050   0.5946
    21 138.3788  -0.4556  11.0050   0.5852
    22 137.7385  -0.4583  11.0050   0.5937
    23 138.8711  -0.4111  11.0050   0.5806
    24 140.3799  -0.3492  11.0050   0.5676
    25 140.5553  -0.2597  11.0050   0.5637
    26 139.3282  -0.3506  11.0050   0.5763
    27 140.8244  -0.3650  11.0050   0.5641
    28 142.3678  -0.3501  11.0050   0.5504
    29 142.3036  -0.4942  11.0050   0.5550
    30 141.2675  -0.3882  11.0050   0.5614
    31 143.4886  -0.3519  11.0050   0.5435
    32 145.1079  -0.2382  11.0050   0.5304
    33 144.1559  -0.3992  11.0050   0.5394
    34 146.1150  -0.3570  11.0050   0.5265
    35 147.3518  -0.2589  11.0050   0.5160
    36 146.3558  -0.4050  11.0050   0.5289
    37 148.2274  -0.4024  11.0050   0.5165
    38 149.7039  -0.3803  11.0050   0.5065
    39 148.6022  -0.4819  11.0050   0.5176
    40 151.9331  -0.3534  11.0050   0.4962
    41 151.8561  -0.4475  11.0050   0.5016
    42 154.6456  -0.2812  11.0050   0.4822
    43 154.6228  -0.3985  11.0050   0.4862
    44 160.2408  -0.4253  11.0050   0.4697
    45 157.5238  -0.4026  11.0050   0.4755
    46 162.8193  -0.4783  11.0050   0.4653
    47 130.7913  -0.4312  11.0050   0.6684
    48 132.1953  -0.4633  11.0050   0.6483
    49 133.1676  -0.3189  11.0050   0.6290
    50 133.0470  -0.2729  11.0050   0.6309
    51 131.9988  -0.4250  11.0050   0.6504
    52 130.6221  -0.3840  11.0050   0.6626
    53 132.9094  -0.4945  11.0050   0.6430
    54 134.2990  -0.4117  11.0050   0.6245
    55 136.1018  -0.4116  11.0050   0.6400
    56 134.4066  -0.3323  11.0050   0.6155
    57 132.9176  -0.3318  11.0050   0.6350
    58 134.5918  -0.4648  11.0050   0.6221
    59 135.9545  -0.5558  11.0050   0.6125
    60 136.7961  -0.2544  11.0050   0.5914
    61 136.0479  -0.3665  11.0050   0.6026
    62 134.4971  -0.3262  11.0050   0.6172
    63 136.3335  -0.4231  11.0050   0.6035
    64 138.0707  -0.3685  11.0050   0.5831
    65 138.5783  -0.3976  11.0050   0.5796
    66 137.9503  -0.3004  11.0050   0.5822
    67 139.0649  -0.5081  11.0050   0.5824
    68 140.2854  -0.5126  11.0050   0.5706
    69 140.2630  -0.4650  11.0050   0.5703
    70 139.0840  -0.4322  11.0050   0.5766
    71 140.9969  -0.4634  11.0050   0.5643
    72 142.5128  -0.4290  11.0050   0.5505
    73 142.4771  -0.3961  11.0050   0.5494
    74 141.0677  -0.3944  11.0050   0.5605
    75 144.1463  -0.4040  11.0050   0.5396
    76 145.0525  -0.3988  11.0050   0.5307
    77 143.7382  -0.5346  11.0050   0.5457
    78 146.2201  -0.4688  11.0050   0.5268
    79 147.2452  -0.4711  11.0050   0.5199
    80 146.3028  -0.4652  11.0050   0.5242
    81 148.8087  -0.4765  11.0050   0.5147
    82 149.8588  -0.4177  11.0050   0.5053
    83 148.7868  -0.4212  11.0050   0.5088
    84 151.8824  -0.5311  11.0050   0.5013
    85 152.1329  -0.3597  11.0050   0.4927
    86 154.6746  -0.4207  11.0050   0.4853
    87 154.6213  -0.4639  11.0050   0.4845
    88 157.3336  -0.4513  11.0050   0.4753
    89 160.3445  -0.5154  11.0050   0.4704
    90 163.1337  -0.5037  11.0050   0.4625
