1  0.0000000E+00  -4.250800       11.00400      -2.459400    
          2  0.0000000E+00  0.0000000E+00   11.00400       2.380000    
          3   130.4653     -0.3330621       11.00400      0.6706228    
          4   131.9319     -0.4530586       11.00400      0.6543560    
          5   133.0559     -0.2577462       11.00400      0.6344957    
          6   132.8031     -0.4394040       11.00400      0.6482668    
          7   132.2975     -0.3372949       11.00400      0.6454544    
          8   130.8983     -0.3098700       11.00400      0.6638737    
          9   132.6654     -0.4119382       11.00400      0.6462336    
         10   134.3861     -0.2056430       11.00400      0.6165686    
         11   134.8860     -0.2741029       11.00400      0.6132317    
         12   134.7466     -5.3831864E-02   11.00400      0.6093092    
         13   133.3386     -0.2066807       11.00400      0.6310549    
         14   134.5416     -0.1581592       11.00400      0.6167440    
         15   136.0883     -0.1261004       11.00400      0.5966330    
         16   136.7666     -0.1781520       11.00400      0.5937891    
         17   136.2182     -0.3418486       11.00400      0.6038170    
         18   134.9765     -0.2654300       11.00400      0.6153574    
         19   136.0465     -0.3523189       11.00400      0.6068563    
         20   137.6164     -0.4148733       11.00400      0.5936441    
         21   138.3788     -0.3762898       11.00400      0.5851517    
         22   137.7385     -0.3753257       11.00400      0.5934534    
         23   138.8711     -0.3268473       11.00400      0.5803852    
         24   140.3799     -0.2638806       11.00400      0.5672836    
         25   140.5553     -0.1750221       11.00400      0.5633211    
         26   139.3282     -0.2652359       11.00400      0.5759916    
         27   140.8244     -0.2765312       11.00400      0.5636568    
         28   142.3678     -0.2750265       11.00400      0.5504208    
         29   142.3036     -0.4132820       11.00400      0.5549393    
         30   141.2675     -0.3070552       11.00400      0.5612946    
         31   143.4886     -0.2691662       11.00400      0.5434036    
         32   145.1079     -0.1617100       11.00400      0.5303526    
         33   144.1559     -0.3239110       11.00400      0.5397024    
         34   146.1150     -0.2776524       11.00400      0.5264158    
         35   147.3518     -0.1616800       11.00400      0.5152788    
         36   146.3558     -0.3735666       11.00400      0.5325298    
         37   148.2274     -0.3218524       11.00400      0.5163727    
         38   149.7039     -0.2984285       11.00400      0.5063543    
         39   148.6022     -0.3802250       11.00400      0.5166693    
         40   151.9331     -0.2685218       11.00400      0.4959793    
         41   151.8561     -0.3654604       11.00400      0.5015268    
         42   154.6456     -0.1974330       11.00400      0.4819899    
         43   154.6228     -0.3173700       11.00400      0.4860830    
         44   160.2408     -0.3469038       11.00400      0.4697113    
         45   157.5238     -0.3218140       11.00400      0.4754696    
         46   162.8193     -0.3971575       11.00400      0.4652119    
         47   130.7913     -0.3512593       11.00400      0.6682806    
         48   132.1953     -0.3737652       11.00400      0.6478052    
         49   133.1676     -0.2264423       11.00400      0.6284113    
         50   133.0470     -0.1917599       11.00400      0.6306829    
         51   131.9988     -0.3404890       11.00400      0.6501293    
         52   130.6221     -0.2978571       11.00400      0.6622858    
         53   132.9094     -0.4139127       11.00400      0.6427774    
         54   134.2990     -0.3256950       11.00400      0.6241741    
         55   136.1018     -0.4116000       11.00400      0.6400000    
         56   134.4066     -0.2524981       11.00400      0.6153698    
         57   132.9176     -0.2422283       11.00400      0.6344957    
         58   134.5918     -0.3827839       11.00400      0.6218977    
         59   135.9545     -0.4811657       11.00400      0.6127758    
         60   136.7961     -0.1740468       11.00400      0.5912514    
         61   136.0479     -0.2797248       11.00400      0.6022234    
         62   134.4971     -0.2387149       11.00400      0.6168690    
         63   136.3335     -0.3216275       11.00400      0.6025724    
         64   138.0707     -0.2866829       11.00400      0.5829992    
         65   138.5783     -0.3054594       11.00400      0.5790195    
         66   137.9503     -0.2137229       11.00400      0.5819092    
         67   139.0649     -0.4251144       11.00400      0.5821972    
         68   140.2854     -0.4328177       11.00400      0.5704765    
         69   140.2630     -0.3658321       11.00400      0.5694714    
         70   139.0840     -0.3496775       11.00400      0.5764542    
         71   140.9969     -0.3867127       11.00400      0.5642395    
         72   142.5128     -0.3475876       11.00400      0.5504017    
         73   142.4771     -0.3152098       11.00400      0.5492744    
         74   141.0677     -0.3013672       11.00400      0.5598869    
         75   144.1463     -0.3186804       11.00400      0.5393629    
         76   145.0525     -0.3171319       11.00400      0.5305138    
         77   143.7382     -0.4512597       11.00400      0.5454836    
         78   146.2201     -0.3847381       11.00400      0.5266199    
         79   147.2452     -0.3807010       11.00400      0.5193977    
         80   146.3028     -0.3839917       11.00400      0.5241346    
         81   148.8087     -0.3956326       11.00400      0.5146685    
         82   149.8588     -0.3248861       11.00400      0.5047054    
         83   148.7868     -0.3444304       11.00400      0.5087624    
         84   151.8824     -0.4518480       11.00400      0.5013428    
         85   152.1329     -0.2843404       11.00400      0.4927130    
         86   154.6746     -0.3441998       11.00400      0.4855461    
         87   154.6213     -0.3638248       11.00400      0.4836216    
         88   157.3336     -0.3774019       11.00400      0.4758072    
         89   160.3445     -0.4372648       11.00400      0.4705067    
         90   163.1337     -0.4108836       11.00400      0.4619455    
         91   131.1181     -0.5776755       11.00400      0.6710300    
         92   132.8146     -0.2790542       11.00400      0.6366796    
         93   133.4597     -0.3620917       11.00400      0.6322823    
         94   133.4940     -0.2988887       11.00400      0.6283312    
         95   132.3013     -0.5108224       11.00400      0.6493387    
         96   130.6171     -0.5655060       11.00400      0.6742668    
         97   133.5843     -0.3813140       11.00400      0.6309605    
         98   134.9606     -0.2939657       11.00400      0.6121206    
         99   135.3062     -0.3965079       11.00400      0.6117897    
        100   134.5591     -0.4060588       11.00400      0.6193752    
        101   133.1196     -0.5227236       11.00400      0.6407061    
        102   135.1640     -0.4487682       11.00400      0.6175270    
        103   136.5123     -0.4103827       11.00400      0.6021452    
        104   137.0405     -0.4245270       11.00400      0.5957251    
        105   136.5642     -0.3176143       11.00400      0.5952339    
        106   136.5642     -0.3176143       11.00400      0.5952339    
        107   136.8409     -0.4496351       11.00400      0.6029921    
        108   138.5623     -0.3976398       11.00400      0.5813770    
        109   138.9499     -0.3901435       11.00400      0.5780001    
        110   138.1429     -0.3912920       11.00400      0.5862446    
        111   139.3434     -0.4362935       11.00400      0.5767250    
        112   141.0604     -0.2768111       11.00400      0.5594311    
        113   140.8066     -0.3733709       11.00400      0.5638762    
        114   139.3005     -0.3458558       11.00400      0.5742550    
        115   141.6345     -0.3960874       11.00400      0.5603867    
        116   143.1426     -0.3711259       11.00400      0.5452662    
        117   142.7471     -0.4649337       11.00400      0.5519428    
        118   141.2301     -0.4237682       11.00400      0.5630236    
        119   132.3659      -3.378184       11.00400      0.7476768    
        120   145.4217     -0.3390089       11.00400      0.5291262    
        121   144.2781     -0.3587297       11.00400      0.5385103    
        122   146.7222     -0.4802213       11.00400      0.5267668    
        123   147.6977     -0.3963632       11.00400      0.5198202    
        124   146.5460     -0.3376483       11.00400      0.5239487    
        125   149.0598     -0.4844339       11.00400      0.5182934    
        126   150.2892     -0.3362387       11.00400      0.5040903    
        127   148.8387     -0.4118385       11.00400      0.5150318    
        128   152.6693     -0.3877937       11.00400      0.4961843    
        129   152.1131     -0.4548744       11.00400      0.5006332    
        130   155.0463     -0.4399847       11.00400      0.4875536    
        131   154.7853     -0.3971681       11.00400      0.4864397    
        132   157.3510     -0.4418804       11.00400      0.4802799    
        133   160.8139     -0.4074471       11.00400      0.4675083    
        134   163.5170     -0.4250366       11.00400      0.4621143    
        135   66.66345     -0.3200000       11.00400      0.5489253    
        136   64.05756     -0.3200000       11.00400      0.5367063    
        137   62.46761     -0.3200000       11.00400      0.5361873    
        138   61.18764     -0.3200000       11.00400      0.5438873    
        139   66.72472     -0.3200000       11.00400      0.5489000    
        140   64.37235     -0.3200000       11.00400      0.5378937    
        141   62.39918     -0.3200000       11.00400      0.5361810    
        142   61.27365     -0.3200000       11.00400      0.5402064    
        143   57.61617     -0.3200000       11.00400      0.7775984    
        144   55.33624     -0.3200000       11.00400      0.7561746    
        145   53.57423     -0.3200000       11.00400      0.7599493    
        146   52.10569     -0.3200000       11.00400      0.7962716    
        147   57.51679     -0.3200000       11.00400      0.7715555    
        148   55.36209     -0.3200000       11.00400      0.7526000    
        149   53.57556     -0.3200000       11.00400      0.7468127    
        150   52.14596     -0.3200000       11.00400      0.7473381    
        151   52.67646     -0.3200000       11.00400      0.5489253    
        152   48.19517     -0.3200000       11.00400      0.5355190    
        153   44.93750     -0.3200000       11.00400      0.5338000    
        154   42.44303     -0.3200000       11.00400      0.5402127    
        155   52.55022     -0.3200000       11.00400      0.5477254    
        156   48.51300     -0.3200000       11.00400      0.5355190    
        157   44.84805     -0.3200000       11.00400      0.5350000    
        158   42.55018     -0.3200000       11.00400      0.5354444    
        159   38.12652     -0.3200000       11.00400      0.7489000    
        160   41.95516     -0.3200000       11.00400      0.7502381    
        161   35.06699     -0.3200000       11.00400      0.7395508    
        162   32.60734     -0.3200000       11.00400      0.7450317    
        163   42.36604     -0.3200000       11.00400      0.7656493    
        164   38.85861     -0.3200000       11.00400      0.7477873    
        165   35.56329     -0.3200000       11.00400      0.7420254    
        166   33.08037     -0.3200000       11.00400      0.7473254    
        167   47.07751     -0.3200000       11.00400      0.7490190    
        168   43.51861     -0.3200000       11.00400      0.7441936    
        169   40.88267     -0.3200000       11.00400      0.7384936    
        170   38.63906     -0.3200000       11.00400      0.7426127    
        171   47.21859     -0.3200000       11.00400      0.7525381    
        172   43.70263     -0.3200000       11.00400      0.7477810    
        173   40.99878     -0.3200000       11.00400      0.8458416    
        174   38.61121     -0.3200000       11.00400      0.7759477    
        175   56.28915     -0.3200000       11.00400      0.5454063    
        176   52.50700     -0.3200000       11.00400      0.5330873    
        177   49.37498     -0.3200000       11.00400      0.5289937    
        178   47.41504     -0.3200000       11.00400      0.5377873    
        179   56.41525     -0.3200000       11.00400      0.5489190    
        180   52.52804     -0.3200000       11.00400      0.5367000    
        181   49.41914     -0.3200000       11.00400      0.5004650    
        182   47.40895     -0.3200000       11.00400      0.5367000    
        183   62.01826     -0.3200000       11.00400      0.7596810    
        184   60.16563     -0.3200000       11.00400      0.7490063    
        185   58.49333     -0.3200000       11.00400      0.7468000    
        186   57.44760     -0.3200000       11.00400      0.7568873    
        187   61.92559     -0.3200000       11.00400      0.7657619    
        188   60.03941     -0.3200000       11.00400      0.7704921    
        189   58.50146     -0.3200000       11.00400      0.7838033    
        190   57.35920     -0.3200000       11.00400      0.7592429    
        191   72.24081     -0.3200000       11.00400      0.5500937    
        192   70.24557     -0.3200000       11.00400      0.5378810    
        193   68.75776     -0.3200000       11.00400      0.5337936    
        194   67.81826     -0.3200000       11.00400      0.5474682    
        195   72.70742     -0.3200000       11.00400      0.5584936    
        196   70.72363     -0.3200000       11.00400      0.5438873    
        197   68.98918     -0.3200000       11.00400      0.5433747    
        198   67.89375     -0.3200000       11.00400      0.5509683    