plik      det      theta       t0        L0       L1
    1.000000     1.000000    33.678450    -0.500000    11.000000     0.759375
    2.000000     2.000000    39.311467    -0.500000    11.000000     0.755450
    3.000000     3.000000    42.943675    -0.500000    11.000000     0.764275
    4.000000     4.000000    43.467175    -0.500000    11.000000     0.560000
    5.000000     5.000000    46.996350    -0.500000    11.000000     0.765450
    6.000000     6.000000    48.581417    -0.500000    11.000000     0.557350
    7.000000     7.000000    52.484275    -0.500000    11.000000     0.761175
    8.000000     8.000000    52.887375    -0.500000    11.000000     0.565800
    9.000000     9.000000    56.220100    -0.500000    11.000000     0.763680
   10.000000    10.000000    56.642950    -0.500000    11.000000     0.572500
   11.000000    11.000000    58.863425    -0.500000    11.000000     0.759000
   12.000000    12.000000    61.560000    -0.500000    11.000000     0.765450
   13.000000    13.000000    61.786050    -0.500000    11.000000     0.559125
   14.000000    14.000000    65.424325    -0.500000    11.000000     0.569700
   15.000000    15.000000    68.445475    -0.500000    11.000000     0.560625
   16.000000    16.000000    71.349375    -0.500000    11.000000     0.568825
