plik	det	theta	t0	L0	L1
  1.0000	1.0000  66.6416  -0.5000  11.0000   0.5785
  2.0000   2.0000  64.1618  -0.5000  11.0000   0.5639
  3.0000   3.0000  62.3739  -0.5000  11.0000   0.5562
  4.0000   4.0000  61.3088  -0.5000  11.0000   0.5591
  5.0000   5.0000  66.6015  -0.5000  11.0000   0.5773
  6.0000   6.0000  64.2924  -0.5000  11.0000   0.5591
  7.0000   7.0000  62.4442  -0.5000  11.0000   0.5574
  8.0000   8.0000  61.0173  -0.5000  11.0000   0.5638
  9.0000   9.0000  57.0152  -0.5000  11.0000   0.7666
 10.0000  10.0000  54.8513  -0.5000  11.0000   0.7583
 11.0000  11.0000  53.0183  -0.5000  11.0000   0.7526
 12.0000  12.0000  51.9200  -0.5000  11.0000   0.7662
 13.0000  13.0000  56.9951  -0.5000  11.0000   0.7714
 14.0000  14.0000  55.0124  -0.5000  11.0000   0.7619
 15.0000  15.0000  53.0788  -0.5000  11.0000   0.7585
 16.0000  16.0000  51.9200  -0.5000  11.0000   0.7674
 17.0000  17.0000  52.9075  -0.5000  11.0000   0.5761
 18.0000  18.0000  48.7734  -0.5000  11.0000   0.5627
 19.0000  19.0000  45.0054  -0.5000  11.0000   0.5574
 20.0000  20.0000  42.3034  -0.5000  11.0000   0.5626
 21.0000  21.0000  52.6355  -0.5000  11.0000   0.5737
 22.0000  22.0000  48.4201  -0.5000  11.0000   0.5603
 23.0000  23.0000  44.5706  -0.5000  11.0000   0.5574
 24.0000  24.0000  41.9893  -0.5000  11.0000   0.5626
 25.0000  25.0000  38.3979  -0.5000  11.0000   0.7571
 26.0000  26.0000  41.9994  -0.5000  11.0000   0.7727
 27.0000  27.0000  34.7641  -0.5000  11.0000   0.7609
 28.0000  28.0000  32.1486  -0.5000  11.0000   0.7579
 29.0000  29.0000  42.4249  -0.5000  11.0000   0.7726
 30.0000  30.0000  38.7941  -0.5000  11.0000   0.7595
 31.0000  31.0000  35.2739  -0.5000  11.0000   0.7585
 32.0000  32.0000  32.5272  -0.5000  11.0000   0.7602
 33.0000  33.0000  47.2792  -0.5000  11.0000   0.7619
 34.0000  34.0000  43.7916  -0.5000  11.0000   0.7559
 35.0000  35.0000  40.8034  -0.5000  11.0000   0.7490
 36.0000  36.0000  38.4894  -0.5000  11.0000   0.7567
 37.0000  37.0000  46.7135  -0.5000  11.0000   0.7690
 38.0000  38.0000  43.5588  -0.5000  11.0000   0.7559
 39.0000  39.0000  40.9251  -0.5000  11.0000   0.7561
 40.0000  40.0000  38.4589  -0.5000  11.0000   0.7543
 41.0000  41.0000  56.2807  -0.5000  11.0000   0.5689
 42.0000  42.0000  53.0385  -0.5000  11.0000   0.5567
 43.0000  43.0000  49.6714  -0.5000  11.0000   0.5526
 44.0000  44.0000  47.5216  -0.5000  11.0000   0.5579
 45.0000  45.0000  57.0052  -0.5000  11.0000   0.5761
 46.0000  46.0000  52.9680  -0.5000  11.0000   0.5567
 47.0000  47.0000  49.7723  -0.5000  11.0000   0.5515
 48.0000  48.0000  47.3297  -0.5000  11.0000   0.5591
 49.0000  49.0000  61.2786  -0.5000  11.0000   0.7702
 50.0000  50.0000  59.2883  -0.5000  11.0000   0.7619
 51.0000  51.0000  58.1017  -0.5000  11.0000   0.7573
 52.0000  52.0000  57.2265  -0.5000  11.0000   0.7602
 53.0000  53.0000  61.8414  -0.5000  11.0000   0.7607
 54.0000  54.0000  59.5296  -0.5000  11.0000   0.7631
 55.0000  55.0000  58.5341  -0.5000  11.0000   0.7537
 56.0000  56.0000  56.8844  -0.5000  11.0000   0.7626
 57.0000  57.0000  71.8583  -0.5000  11.0000   0.5702
 58.0000  58.0000  70.5446  -0.5000  11.0000   0.5591
 59.0000  59.0000  68.7691  -0.5000  11.0000   0.5538
 60.0000  60.0000  67.9363  -0.5000  11.0000   0.5603
 61.0000  61.0000  72.3597  -0.5000  11.0000   0.5809
 62.0000  62.0000  70.6349  -0.5000  11.0000   0.5651
 63.0000  63.0000  69.1804  -0.5000  11.0000   0.5622
 64.0000  64.0000  67.8961  -0.5000  11.0000   0.5662
