    1  66.6623  -0.5400  11.0130   0.5558
    2  64.1487  -0.5400  11.0130   0.5436
    3  62.2822  -0.5400  11.0130   0.5395
    4  61.0779  -0.5400  11.0130   0.5448
    5  66.4192  -0.5400  11.0130   0.5510
    6  64.1931  -0.5400  11.0130   0.5400
    7  62.3029  -0.5400  11.0130   0.5383
    8  61.1716  -0.5400  11.0130   0.5447
    9  57.5532  -0.5400  11.0130   0.7678
   10  55.4356  -0.5400  11.0130   0.7559
   11  53.3476  -0.5400  11.0130   0.7549
   12  52.0188  -0.5400  11.0130   0.7566
   13  57.6930  -0.5400  11.0130   0.7666
   14  55.2661  -0.5400  11.0130   0.7571
   15  53.4470  -0.5400  11.0130   0.7549
   16  51.9928  -0.5400  11.0130   0.7650
   17  52.9439  -0.5400  11.0130   0.5582
   18  48.5806  -0.5400  11.0130   0.5412
   19  44.9299  -0.5400  11.0130   0.5407
   20  42.4487  -0.5400  11.0130   0.5471
   21  53.0091  -0.5400  11.0130   0.5558
   22  48.6053  -0.5400  11.0130   0.5412
   23  44.7838  -0.5400  11.0130   0.5383
   24  42.4562  -0.5400  11.0130   0.5471
   25  38.5382  -0.5400  11.0130   0.7499
   26  42.4000  -0.5400  11.0130   0.7619
   27  35.1179  -0.5400  11.0130   0.7501
   28  32.6903  -0.5400  11.0130   0.7555
   29  42.7890  -0.5400  11.0130   0.7642
   30  38.5788  -0.5400  11.0130   0.7535
   31  35.6814  -0.5400  11.0130   0.7513
   32  33.0208  -0.5400  11.0130   0.7590
   33  47.2550  -0.5400  11.0130   0.7559
   34  43.8368  -0.5400  11.0130   0.7475
   35  40.8099  -0.5400  11.0130   0.7394
   36  38.6392  -0.5400  11.0130   0.7519
   37  47.2194  -0.5400  11.0130   0.7618
   38  43.8108  -0.5400  11.0130   0.7475
   39  40.9539  -0.5400  11.0130   0.7477
   40  38.7414  -0.5400  11.0130   0.7471
   41  56.3074  -0.5400  11.0130   0.5487
   42  52.7643  -0.5400  11.0130   0.5340
   43  49.4260  -0.5400  11.0130   0.5335
   44  47.3006  -0.5400  11.0130   0.5364
   45  56.4204  -0.5400  11.0130   0.5546
   46  52.3912  -0.5400  11.0130   0.5400
   47  49.4056  -0.5400  11.0130   0.5372
   48  47.2640  -0.5400  11.0130   0.5400
   49  61.6620  -0.5400  11.0130   0.7654
   50  60.1736  -0.5400  11.0130   0.7511
   51  58.4218  -0.5400  11.0130   0.7525
   52  57.3665  -0.5400  11.0130   0.7602
   53  61.8303  -0.5400  11.0130   0.7631
   54  59.9519  -0.5400  11.0130   0.7547
   55  58.4063  -0.5400  11.0130   0.7501
   56  57.1809  -0.5400  11.0130   0.7614
   57  72.1653  -0.5400  11.0130   0.5546
   58  70.2632  -0.5400  11.0130   0.5412
   59  68.6648  -0.5400  11.0130   0.5371
   60  67.7305  -0.5400  11.0130   0.5436
   61  72.4387  -0.5400  11.0130   0.5642
   62  70.6705  -0.5400  11.0130   0.5484
   63  68.7965  -0.5400  11.0130   0.5419
   64  67.8215  -0.5400  11.0130   0.5519