         1   66.26000     -0.5000000       11.00000      0.5689400
          2   64.02000     -0.5000000       11.00000      0.5543401
          3   61.81000     -0.5000000       11.00000      0.5514200
          4   60.55000     -0.5000000       11.00000      0.5567100
          5   66.10000     -0.5000000       11.00000      0.5641551
          6   63.86000     -0.5000000       11.00000      0.5519300
          7   61.68000     -0.5000000       11.00000      0.5502300
          8   60.67000     -0.5000000       11.00000      0.5578250
          9   57.48000     -0.5000000       11.00000      0.7773550
         10   55.19000     -0.5000000       11.00000      0.7678599
         11   53.62000     -0.5000000       11.00000      0.7680349
         12   52.06000     -0.5000000       11.00000      0.7697850
         13   57.39000     -0.5000000       11.00000      0.7797650
         14   54.92000     -0.5000000       11.00000      0.7678750
         15   53.48000     -0.5000000       11.00000      0.7680599
         16   51.95000     -0.5000000       11.00000      0.7745700
         17   52.92000     -0.5000000       11.00000      0.5689300
         18   48.89000     -0.5000000       11.00000      0.5543350
         19   45.13000     -0.5000000       11.00000      0.5514250
         20   42.35000     -0.5000000       11.00000      0.5578200
         21   52.70000     -0.5000000       11.00000      0.5677251
         22   48.79000     -0.5000000       11.00000      0.5531300
         23   44.90000     -0.5000000       11.00000      0.5502300
         24   42.35000     -0.5000000       11.00000      0.5626000
         25   38.78000     -0.5000000       11.00000      0.7666599
         26   42.26000     -0.5000000       11.00000      0.7750900
         27   35.17000     -0.5000000       11.00000      0.7632900
         28   32.65000     -0.5000000       11.00000      0.7686549
         29   42.53000     -0.5000000       11.00000      0.7726000
         30   39.18000     -0.5000000       11.00000      0.7630850
         31   35.50000     -0.5000000       11.00000      0.7620850
         32   32.68000     -0.5000000       11.00000      0.7673700
         33   47.43000     -0.5000000       11.00000      0.7690700
         34   43.93000     -0.5000000       11.00000      0.7582900
         35   41.05000     -0.5000000       11.00000      0.7549750
         36   38.66000     -0.5000000       11.00000      0.7614800
         37   47.62000     -0.5000000       11.00000      0.7749749
         38   44.24000     -0.5000000       11.00000      0.7618750
         39   41.13000     -0.5000000       11.00000      0.7584900
         40   38.95000     -0.5000000       11.00000      0.7602749
         41   56.43000     -0.5000000       11.00000      0.5618300
         42   52.83000     -0.5000000       11.00000      0.5459450
         43   49.50000     -0.5000000       11.00000      0.5454301
         44   47.38000     -0.5000000       11.00000      0.5507300
         45   56.70000     -0.5000000       11.00000      0.5665401
         46   52.74000     -0.5000000       11.00000      0.5519200
         47   49.74000     -0.5000000       11.00000      0.5479150
         48   47.49000     -0.5000000       11.00000      0.5507350
         49   61.98000     -0.5000000       11.00000      0.7749800
         50   60.59000     -0.5000000       11.00000      0.7642900
         51   58.98000     -0.5000000       11.00000      0.7632750
         52   57.95000     -0.5000000       11.00000      0.7709550
         53   62.45000     -0.5000000       11.00000      0.7714549
         54   59.96000     -0.5000000       11.00000      0.7666850
         55   58.42000     -0.5000000       11.00000      0.7608700
         56   57.35000     -0.5000000       11.00000      0.7709650
         57   71.51000     -0.5000000       11.00000      0.5641251
         58   70.76000     -0.5000000       11.00000      0.5531250
         59   68.56000     -0.5000000       11.00000      0.5502150
         60   67.42000     -0.5000000       11.00000      0.5591050
         61   73.92000     -0.5000000       11.00000      0.5761200
         62   70.75000     -0.5000000       11.00000      0.5591251
         63   68.39000     -0.5000000       11.00000      0.5574200
         64   67.54000     -0.5000000       11.00000      0.5626150
