Plik	Det	Theta	t0	L0	L1
49	49	67.66	-5.0009	4.5	0.4
50	50	65.68	-5.0618	4.5	0.4
51	51	63.74	-5.0618	4.5	0.4
52	52	61.65	-5.1175	4.5	0.4
53	53	59.11	-5.1795	4.5	0.4
54	54	57.47	-5.1112	4.5	0.4
55	55	55.35	-5.1104	4.5	0.4
56	56	53.2	-5.2368	4.5	0.4
57	57	32.25	-5.1238	4.5	0.4
58	58	34.27	-5.0383	4.5	0.4
59	59	36.33	-5.1162	4.5	0.4
60	60	38.45	-5.178	4.5	0.4
61	61	40.76	-5.0415	4.5	0.4
62	62	42.93	-5.1544	4.5	0.4
63	63	45.1	-5.03	4.5	0.4
64	64	47.35	-5.1066	4.5	0.4
65	65	51.27	-5.0369	4.5	0.4
66	66	53.55	-5.0663	4.5	0.4
67	67	55.65	-5.0782	4.5	0.4
68	68	58	-5.2268	4.5	0.4
69	69	60.07	-5.0352	4.5	0.4
70	70	62.36	-5.1213	4.5	0.4
71	71	64.47	-5.0631	4.5	0.4
72	72	66.68	-5.2556	4.5	0.4
73	73	49.07	-5.1686	4.5	0.4
74	74	47.4	-5.0637	4.5	0.4
75	75	45.35	-5.1079	4.5	0.4
76	76	42.97	-5.2585	4.5	0.4
77	77	41.14	-5.2291	4.5	0.4
78	78	38.95	-5.1175	4.5	0.4
79	79	36.8	-5.0281	4.5	0.4
80	80	34.85	-5.1956	4.5	0.4
