 plik	    det	   theta		t0		L0		L1
  3.0000   3.0000 131.6989  -0.0935  11.0049   0.6382
  4.0000   4.0000 131.4998  -0.0267  11.0049   0.6274
  5.0000   5.0000 130.8848  -0.0353  11.0049   0.6005
  6.0000   6.0000 131.6321  -0.0054  11.0049   0.6082
  7.0000   7.0000 126.9274  -0.0855  11.0049   0.6149
  8.0000   8.0000 130.4445   0.0730  11.0049   0.6526
  9.0000   9.0000 133.1938  -0.0141  11.0049   0.5955
 10.0000  10.0000 134.1001   0.0768  11.0049   0.6048
 11.0000  11.0000 131.4581   0.0409  11.0049   0.5963
 12.0000  12.0000 133.5378   0.0169  11.0049   0.5957
 13.0000  13.0000 132.2584  -0.0360  11.0049   0.6255
 14.0000  14.0000 134.0057   0.0569  11.0049   0.5934
 15.0000  15.0000 135.4604   0.0580  11.0049   0.5848
 16.0000  16.0000 134.3136   0.0021  11.0049   0.5769
 17.0000  17.0000 133.8192  -0.0295  11.0049   0.5920
 18.0000  18.0000 130.8024   0.0617  11.0049   0.6010
 19.0000  19.0000 137.7759  -0.1210  11.0049   0.5776
 20.0000  20.0000 139.0158  -0.0480  11.0049   0.5724
 21.0000  21.0000 135.9845  -0.0171  11.0049   0.5682
 22.0000  22.0000 134.8050   0.0818  11.0049   0.5741
 23.0000  23.0000 138.8606  -0.0227  11.0049   0.5469
 24.0000  24.0000 138.0321   0.0013  11.0049   0.5465
 25.0000  25.0000 137.8421  -0.0583  11.0049   0.5577
 26.0000  26.0000 136.5752  -0.0027  11.0049   0.5702
 27.0000  27.0000 141.3105  -0.0112  11.0049   0.5431
 28.0000  28.0000 139.4100  -0.1358  11.0049   0.5263
 29.0000  29.0000 140.8271  -0.1501  11.0049   0.5477
 30.0000  30.0000 138.1939   0.0096  11.0049   0.5519
 31.0000  31.0000 144.1863   0.1421  11.0049   0.5135
 32.0000  32.0000 143.5880   0.0143  11.0049   0.5230
 33.0000  33.0000 141.5609   0.0555  11.0049   0.5254
 34.0000  34.0000 146.5659   0.0271  11.0049   0.5069
 35.0000  35.0000 144.0272  -0.0561  11.0049   0.5063
 36.0000  36.0000 143.1049  -0.0005  11.0049   0.5096
 37.0000  37.0000 148.3300  -0.0061  11.0049   0.4844
 38.0000  38.0000 150.5189  -0.0267  11.0049   0.5028
 39.0000  39.0000 143.0109   0.0643  11.0049   0.4950
 40.0000  40.0000 148.3211  -0.0045  11.0049   0.4725
 41.0000  41.0000 149.2701  -0.0190  11.0049   0.4801
 42.0000  42.0000 154.1799   0.0660  11.0049   0.4633
 43.0000  43.0000 151.1420  -0.0596  11.0049   0.4750
 44.0000  44.0000 161.4457  -0.0958  11.0049   0.4528
 45.0000  45.0000 158.9433  -0.0158  11.0049   0.4713
 46.0000  46.0000 170.6193  -0.1208  11.0049   0.4438
 47.0000  47.0000 132.6385  -0.9780  11.0049   0.6580
 48.0000  48.0000 133.0643  -0.2349  11.0049   0.6361
 49.0000  49.0000 132.4935  -0.0896  11.0049   0.6161
 50.0000  50.0000 130.6893  -0.2586  11.0049   0.6226
 51.0000  51.0000 131.1569  -0.2502  11.0049   0.6340
 52.0000  52.0000 129.5033 -10.2330  11.0049   0.9564
 53.0000  53.0000 131.3572  -0.3955  11.0049   0.6091
 54.0000  54.0000 134.4419  -0.2284  11.0049   0.6082
 55.0000  55.0000 133.8236  -3.9100  11.0049   0.7186
 56.0000  56.0000 134.3157  -0.1115  11.0049   0.6191
 57.0000  57.0000 130.1466  -0.2387  11.0049   0.6193
 58.0000  58.0000 134.7991  -0.3250  11.0049   0.5954
 59.0000  59.0000 135.2702  -0.2069  11.0049   0.5762
 60.0000  60.0000 136.2027  -0.0679  11.0049   0.5865
 61.0000  61.0000 134.3926  -0.0657  11.0049   0.5814
 62.0000  62.0000 133.2888  -0.1074  11.0049   0.6184
 63.0000  63.0000 139.7540  -0.2424  11.0049   0.5743
 64.0000  64.0000 135.0380  -0.1489  11.0049   0.5601
 65.0000  65.0000 136.7699  -0.1801  11.0049   0.5696
 66.0000  66.0000 136.2214  -0.1345  11.0049   0.5812
 67.0000  67.0000 138.0737  -0.1417  11.0049   0.5521
 68.0000  68.0000 139.1642  -0.2019  11.0049   0.5483
 69.0000  69.0000 139.5147  -0.1862  11.0049   0.5705
 70.0000  70.0000 134.6205  -0.1800  11.0049   0.5615
 71.0000  71.0000 141.5381  -0.1535  11.0049   0.5311
 72.0000  72.0000 140.6099  -0.1619  11.0049   0.5255
 73.0000  73.0000 139.5380  -0.1817  11.0049   0.5409
 74.0000  74.0000 139.0271  -0.2245  11.0049   0.5576
 75.0000  75.0000 142.5409  -0.1452  11.0049   0.5103
 76.0000  76.0000 143.2739  -0.1747  11.0049   0.5260
 77.0000  77.0000 139.4563  -0.2199  11.0049   0.5245
 78.0000  78.0000 147.6230  -0.1400  11.0049   0.5080
 79.0000  79.0000 146.0487  -0.1991  11.0049   0.5014
 80.0000  80.0000 142.6960  -0.2277  11.0049   0.5202
 81.0000  81.0000 149.7425  -0.4173  11.0049   0.4944
 82.0000  82.0000 146.7873  -0.2635  11.0049   0.4903
 83.0000  83.0000 144.0883  -0.3263  11.0049   0.5099
 84.0000  84.0000 148.4965  -0.1839  11.0049   0.4733
 85.0000  85.0000 147.2482  -0.3387  11.0049   0.4888
 86.0000  86.0000 154.6215  -0.2715  11.0049   0.4756
 87.0000  87.0000 149.0690  -0.4646  11.0049   0.4787
 88.0000  88.0000 154.6028  -1.1805  11.0049   0.5034
 89.0000  89.0000 158.9793  -1.1632  11.0049   0.4823
 90.0000  90.0000 158.4329  -3.3542  11.0049   0.5329
 91.0000  91.0000 130.3928  -0.1141  11.0049   0.6340
 92.0000  92.0000 132.4733  -0.1268  11.0049   0.6146
 93.0000  93.0000 131.3920  -0.0808  11.0049   0.6062
 94.0000  94.0000 131.0559  -0.1704  11.0049   0.6263
 95.0000  95.0000 130.6008  -0.1632  11.0049   0.6255
 96.0000  96.0000 131.3255  -0.1974  11.0049   0.6637
 97.0000  97.0000 138.1546  -0.1323  11.0049   0.6298
 98.0000  98.0000 134.5588  -0.1244  11.0049   0.6018
 99.0000  99.0000 135.5245  -0.1051  11.0049   0.6074
100.0000 100.0000 133.2555  -0.0726  11.0049   0.6026
101.0000 101.0000 131.7413  -0.1870  11.0049   0.6238
102.0000 102.0000 136.5384  -0.0741  11.0049   0.5922
103.0000 103.0000 136.0751  -0.1351  11.0049   0.5860
104.0000 104.0000 139.0064  -0.1301  11.0049   0.5926
105.0000 105.0000 135.2235  -0.0754  11.0049   0.5857
106.0000 106.0000 132.3085  -0.4029  11.0049   0.6121
107.0000 107.0000 136.8411  -0.1038  11.0049   0.5653
108.0000 108.0000 142.8270  -0.0887  11.0049   0.5742
109.0000 109.0000 137.8515  -0.1582  11.0049   0.5690
110.0000 110.0000 136.8681  -0.0114  11.0049   0.5706
111.0000 111.0000 138.7407  -0.1246  11.0049   0.5486
112.0000 112.0000 139.6116  -0.1038  11.0049   0.5507
113.0000 113.0000 138.7376  -0.1410  11.0049   0.5476
114.0000 114.0000 135.4801  -0.1849  11.0049   0.5593
115.0000 115.0000 145.0969  -0.1553  11.0049   0.5419
116.0000 116.0000 138.6670  -0.0777  11.0049   0.5256
117.0000 117.0000 142.2567  -0.1097  11.0049   0.5322
118.0000 118.0000 139.4712  -0.1008  11.0049   0.5532
119.0000 119.0000 145.2824   0.1288  11.0049   0.5074
120.0000 120.0000 140.9448  -0.0795  11.0049   0.5160
121.0000 121.0000 142.2028  -0.0385  11.0049   0.5299
122.0000 122.0000 144.8587  -0.1314  11.0049   0.4901
123.0000 123.0000 148.0624  -0.0938  11.0049   0.5122
124.0000 124.0000 142.8931  -0.1093  11.0049   0.5073
125.0000 125.0000 147.2539  -0.1654  11.0049   0.4853
126.0000 126.0000 144.2696  -0.1071  11.0049   0.4917
127.0000 127.0000 143.0981  -0.1669  11.0049   0.5010
128.0000 128.0000 150.3367  -0.0789  11.0049   0.4725
129.0000 129.0000 150.4766  -0.1555  11.0049   0.4886
130.0000 130.0000 153.9459  -0.1427  11.0049   0.4673
131.0000 131.0000 154.6099  -0.1122  11.0049   0.4760
132.0000 132.0000 151.9204  -0.1487  11.0049   0.4658
133.0000 133.0000 156.9341  -0.1559  11.0049   0.4546
134.0000 134.0000 167.4341  -0.1347  11.0049   0.4513
                                                                                                                 
