           1   66.59930     -0.3200000       11.00500      0.5537000    
           2   64.23130     -0.3200000       11.00500      0.5379000    
           3   62.36170     -0.3200000       11.00500      0.5337999    
           4   61.14130     -0.3200000       11.00500      0.5415000    
           5   66.48230     -0.3200000       11.00500      0.5489000    
           6   64.26080     -0.3200000       11.00500      0.5367000    
           7   62.38260     -0.3200000       11.00500      0.5337936    
           8   61.23530     -0.3200000       11.00500      0.5414000    
           9   57.64330     -0.3200000       11.00500      0.7585000    
          10   55.49730     -0.3200000       11.00500      0.7514000    
          11   53.40640     -0.3200000       11.00500      0.7504000    
          12   51.97970     -0.3200000       11.00500      0.7533000    
          13   57.75180     -0.3200000       11.00500      0.7632000    
          14   55.32760     -0.3200000       11.00500      0.7514064    
          15   53.51190     -0.3200000       11.00500      0.7492000    
          16   52.07840     -0.3200000       11.00500      0.7544999    
          17   53.00310     -0.3200000       11.00500      0.5537000    
          18   48.62340     -0.3200000       11.00500      0.5390999    
          19   44.98860     -0.3200000       11.00500      0.5338000    
          20   42.63670     -0.3200000       11.00500      0.5426000    
          21   53.06250     -0.3200000       11.00500      0.5525001    
          22   48.64810     -0.3200000       11.00500      0.5390999    
          23   44.82760     -0.3200000       11.00500      0.5350000    
          24   42.49730     -0.3200000       11.00500      0.5437999    
          25   38.56680     -0.3200000       11.00500      0.7489000    
          26   42.44520     -0.3200000       11.00500      0.7574000    
          27   35.14360     -0.3200000       11.00500      0.7491000    
          28   32.76330     -0.3200000       11.00500      0.7510000    
          29   42.84830     -0.3200000       11.00500      0.7561000    
          30   38.63160     -0.3200000       11.00500      0.7454000    
          31   35.71850     -0.3200000       11.00500      0.7468000    
          32   33.06170     -0.3200000       11.00500      0.7521000    
          33   47.30100     -0.3200000       11.00500      0.7526001    
          34   43.88370     -0.3200000       11.00500      0.7430000    
          35   40.84440     -0.3200000       11.00500      0.7373000    
          36   38.83920     -0.3200000       11.00500      0.7450000    
          37   47.26020     -0.3200000       11.00500      0.7596999    
          38   43.85300     -0.3200000       11.00500      0.7442000    
          39   41.00600     -0.3200000       11.00500      0.7408000    
          40   38.76600     -0.3200000       11.00500      0.7473000    
          41   56.35840     -0.3200000       11.00500      0.5466000    
          42   52.81750     -0.3200000       11.00500      0.5307001    
          43   49.48620     -0.3200000       11.00500      0.5278001    
          44   47.35590     -0.3200000       11.00500      0.5354000    
          45   56.47160     -0.3200000       11.00500      0.5524999    
          46   52.44380     -0.3200000       11.00500      0.5367001    
          47   49.46570     -0.3200000       11.00500      0.5315000    
          48   47.31070     -0.3200000       11.00500      0.5367001    
          49   61.76030     -0.3200000       11.00500      0.7561000    
          50   60.22170     -0.3200000       11.00500      0.7502000    
          51   58.49420     -0.3200000       11.00500      0.7468000    
          52   57.43710     -0.3200000       11.00500      0.7545000    
          53   61.90070     -0.3200000       11.00500      0.7586000    
          54   60.02000     -0.3200000       11.00500      0.7490064    
          55   58.46550     -0.3200000       11.00500      0.7468000    
          56   57.28960     -0.3200000       11.00500      0.7485000    
          57   72.26150     -0.3200000       11.00500      0.5489000    
          58   70.36450     -0.3200000       11.00500      0.5354937    
          59   68.74680     -0.3200000       11.00500      0.5326000    
          60   67.79500     -0.3200000       11.00500      0.5415000    
          61   72.54400     -0.3200000       11.00500      0.5573000    
          62   70.77260     -0.3200000       11.00500      0.5426936    
          63   68.87060     -0.3200000       11.00500      0.5386001    
          64   67.91800     -0.3200000       11.00500      0.5450000    
