 1   6.6563E+01  -4.0000E-01   1.1011E+01   5.5370E-01   4.1391E+01
 2   6.4196E+01  -4.0000E-01   1.1011E+01   5.3790E-01   3.2529E+01
 3   6.2328E+01  -4.0000E-01   1.1011E+01   5.3380E-01   2.3037E+01
 4   6.1108E+01  -4.0000E-01   1.1011E+01   5.4150E-01   1.3354E+01
 5   6.6446E+01  -4.0000E-01   1.1011E+01   5.4890E-01   3.1987E+02
 6   6.4226E+01  -4.0000E-01   1.1011E+01   5.3670E-01   3.2904E+02
 7   6.2349E+01  -4.0000E-01   1.1011E+01   5.3260E-01   3.3849E+02
 8   6.1202E+01  -4.0000E-01   1.1011E+01   5.4140E-01   3.4817E+02
 9   5.7613E+01  -4.0000E-01   1.1011E+01   7.5850E-01   3.9105E+01
 10   5.5469E+01  -4.0000E-01   1.1011E+01   7.5140E-01   3.2084E+01
 11   5.3379E+01  -4.0000E-01   1.1011E+01   7.5040E-01   2.4913E+01
 12   5.1953E+01  -4.0000E-01   1.1011E+01   7.5330E-01   1.7511E+01
 13   5.7722E+01  -4.0000E-01   1.1011E+01   7.6320E-01   3.2234E+02
 14   5.5299E+01  -4.0000E-01   1.1011E+01   7.5260E-01   3.2903E+02
 15   5.3485E+01  -4.0000E-01   1.1011E+01   7.4920E-01   3.3624E+02
 16   4.0052E+01  -4.0000E-01   1.1011E+01   7.5450E-01   3.4372E+02
 17   5.2976E+01  -4.0000E-01   1.1011E+01   5.5370E-01   4.8994E+01
 18   4.8599E+01  -4.0000E-01   1.1011E+01   5.3910E-01   3.9681E+01
 19   4.4966E+01  -4.0000E-01   1.1011E+01   5.3380E-01   2.9003E+01
 20   4.2616E+01  -4.0000E-01   1.1011E+01   5.4260E-01   1.7014E+01
 21   5.3035E+01  -4.0000E-01   1.1011E+01   5.5250E-01   3.1249E+02
 22   4.8623E+01  -4.0000E-01   1.1011E+01   5.3910E-01   3.2179E+02
 23   4.4805E+01  -4.0000E-01   1.1011E+01   5.3500E-01   3.3236E+02
 24   4.2476E+01  -4.0000E-01   1.1011E+01   5.4380E-01   3.4426E+02
 25   3.8548E+01  -4.0000E-01   1.1011E+01   7.4890E-01   4.4550E+01
 26   4.2424E+01  -4.0000E-01   1.1011E+01   7.5740E-01   5.2103E+01
 27   3.5127E+01  -4.0000E-01   1.1011E+01   7.4910E-01   3.5713E+01
 28   3.2748E+01  -4.0000E-01   1.1011E+01   7.5100E-01   2.5641E+01
 29   4.2827E+01  -4.0000E-01   1.1011E+01   7.5610E-01   3.0802E+02
 30   3.8613E+01  -4.0000E-01   1.1011E+01   7.4540E-01   3.1506E+02
 31   3.5702E+01  -4.0000E-01   1.1011E+01   7.4680E-01   3.2461E+02
 32   3.3046E+01  -4.0000E-01   1.1011E+01   7.5210E-01   3.3457E+02
 33   4.7278E+01  -4.0000E-01   1.1011E+01   7.5260E-01   1.3435E+02
 34   4.3862E+01  -4.0000E-01   1.1011E+01   7.4300E-01   1.4151E+02
 35   4.0825E+01  -4.0000E-01   1.1011E+01   7.3730E-01   1.4938E+02
 36   3.8820E+01  -4.0000E-01   1.1011E+01   7.4500E-01   1.5859E+02
 37   4.7237E+01  -4.0000E-01   1.1011E+01   7.5970E-01   2.2704E+02
 38   4.3832E+01  -4.0000E-01   1.1011E+01   7.4420E-01   2.2016E+02
 39   4.0986E+01  -4.0000E-01   1.1011E+01   7.4080E-01   2.1188E+02
 40   3.8747E+01  -4.0000E-01   1.1011E+01   7.4730E-01   2.0275E+02
 41   5.6329E+01  -4.0000E-01   1.1011E+01   5.4660E-01   1.3429E+02
 42   5.2790E+01  -4.0000E-01   1.1011E+01   5.3070E-01   1.4369E+02
 43   4.9461E+01  -4.0000E-01   1.1011E+01   5.2780E-01   1.5415E+02
 44   4.7332E+01  -4.0000E-01   1.1011E+01   5.3540E-01   1.6536E+02
 45   5.6442E+01  -4.0000E-01   1.1011E+01   5.5250E-01   2.2658E+02
 46   5.2417E+01  -4.0000E-01   1.1011E+01   5.3670E-01   2.1751E+02
 47   4.9440E+01  -4.0000E-01   1.1011E+01   5.3150E-01   2.0703E+02
 48   4.7287E+01  -4.0000E-01   1.1011E+01   5.3670E-01   1.9591E+02
 49   6.1728E+01  -4.0000E-01   1.1011E+01   7.5610E-01   1.4318E+02
 50   6.0190E+01  -4.0000E-01   1.1011E+01   7.5020E-01   1.5022E+02
 51   5.8464E+01  -4.0000E-01   1.1011E+01   7.4680E-01   1.5712E+02
 52   5.7407E+01  -4.0000E-01   1.1011E+01   7.5450E-01   1.6432E+02
 53   6.1868E+01  -4.0000E-01   1.1011E+01   7.5860E-01   2.1645E+02
 54   5.9988E+01  -4.0000E-01   1.1011E+01   7.5020E-01   2.0973E+02
 55   5.8435E+01  -4.0000E-01   1.1011E+01   7.4680E-01   2.0283E+02
 56   5.7260E+01  -4.0000E-01   1.1011E+01   7.4850E-01   1.9582E+02
 57   7.2220E+01  -4.0000E-01   1.1011E+01   5.4890E-01   1.4232E+02
 58   7.0325E+01  -4.0000E-01   1.1011E+01   5.3430E-01   1.5098E+02
 59   6.8708E+01  -4.0000E-01   1.1011E+01   5.3260E-01   1.6011E+02
 60   6.7757E+01  -4.0000E-01   1.1011E+01   5.4150E-01   1.6926E+02
 61   7.2503E+01  -4.0000E-01   1.1011E+01   5.5730E-01   2.1967E+02
 62   7.0732E+01  -4.0000E-01   1.1011E+01   5.4150E-01   2.1106E+02
 63   6.8832E+01  -4.0000E-01   1.1011E+01   5.3860E-01   2.0201E+02
 64   6.7880E+01  -4.0000E-01   1.1011E+01   5.4500E-01   1.9290E+02
