plik	det	theta		  t0	  L0	       L1
1	1	66.5993	-0.32	11.005	0.5537
2	2	64.2313	-0.32	11.005	0.5379
3	3	62.3617	-0.32	11.005	0.5338
4	4	61.1413	-0.32	11.005	0.5415
5	5	66.4823	-0.32	11.005	0.5489
6	6	64.2608	-0.32	11.005	0.5367
7	7	62.3826	-0.32	11.005	0.53379
8	8	61.2353	-0.32	11.005	0.5414
9	9	57.6433	-0.32	11.005	0.7585
10	10	55.4973	-0.32	11.005	0.7514
11	11	53.4064	-0.32	11.005	0.7504
12	12	51.9797	-0.32	11.005	0.7533
13	13	57.7518	-0.32	11.005	0.7632
14	14	55.3276	-0.32	11.005	0.75141
15	15	53.5119	-0.32	11.005	0.7492
16	16	52.0784	-0.32	11.005	0.7545
17	17	53.0031	-0.32	11.005	0.5537
18	18	48.6234	-0.32	11.005	0.5391
19	19	44.9886	-0.32	11.005	0.5338
20	20	42.6367	-0.32	11.005	0.5426
21	21	53.0625	-0.32	11.005	0.5525
22	22	48.6481	-0.32	11.005	0.5391
23	23	44.8276	-0.32	11.005	0.535
24	24	42.4973	-0.32	11.005	0.5438
25	25	38.5668	-0.32	11.005	0.7489
26	26	42.4452	-0.32	11.005	0.7574
27	27	35.1436	-0.32	11.005	0.7491
28	28	32.7633	-0.32	11.005	0.751
29	29	42.8483	-0.32	11.005	0.7561
30	30	38.6316	-0.32	11.005	0.7454
31	31	35.7185	-0.32	11.005	0.7468
32	32	33.0617	-0.32	11.005	0.7521
33	33	47.301	-0.32	11.005	0.7526
34	34	43.8837	-0.32	11.005	0.743
35	35	40.8444	-0.32	11.005	0.7373
36	36	38.8392	-0.32	11.005	0.745
37	37	47.2602	-0.32	11.005	0.7597
38	38	43.853	-0.32	11.005	0.7442
39	39	41.006	-0.32	11.005	0.7408
40	40	38.766	-0.32	11.005	0.7473
41	41	56.3584	-0.32	11.005	0.5466
42	42	52.8175	-0.32	11.005	0.5307
43	43	49.4862	-0.32	11.005	0.5278
44	44	47.3559	-0.32	11.005	0.5354
45	45	56.4716	-0.32	11.005	0.5525
46	46	52.4438	-0.32	11.005	0.5367
47	47	49.4657	-0.32	11.005	0.5315
48	48	47.3107	-0.32	11.005	0.5367
49	49	61.7603	-0.32	11.005	0.7561
50	50	60.2217	-0.32	11.005	0.7502
51	51	58.4942	-0.32	11.005	0.7468
52	52	57.4371	-0.32	11.005	0.7545
53	53	61.9007	-0.32	11.005	0.7586
54	54	60.02	      -0.32	11.005	0.74901
55	55	58.4655	-0.32	11.005	0.7468
56	56	57.2896	-0.32	11.005	0.7485
57	57	72.2615	-0.32	11.005	0.5489
58	58	70.3645	-0.32	11.005	0.53549
59	59	68.7468	-0.32	11.005	0.5326
60	60	67.795	-0.32	11.005	0.5415
61	61	72.544	-0.32	11.005	0.5573
62	62	70.7726	-0.32	11.005	0.54269
63	63	68.8706	-0.32	11.005	0.5386
64	64	67.918	-0.32	11.005	0.545
