    1   0.0000  -4.2508  11.0550  -2.4594
    2   0.0000   0.0000  11.0550   2.3800
    3 130.4653  -0.4157  11.0050   0.6708
    4 131.9319  -0.5338  11.0050   0.6545
    5 133.0559  -0.3362  11.0050   0.6345
    6 132.8031  -0.5143  11.0050   0.6483
    7 132.2975  -0.4171  11.0050   0.6456
    8 130.8983  -0.3913  11.0050   0.6640
    9 132.6654  -0.4922  11.0050   0.6463
   10 134.3861  -0.2895  11.0050   0.6168
   11 134.8860  -0.3636  11.0050   0.6137
   12 134.7466  -0.1396  11.0050   0.6096
   13 133.3386  -0.2883  11.0050   0.6312
   14 134.5416  -0.2448  11.0050   0.6171
   15 136.0883  -0.2150  11.0050   0.5971
   16 136.7666  -0.2535  11.0050   0.5938
   17 136.2182  -0.4243  11.0050   0.6040
   18 134.9765  -0.3490  11.0050   0.6155
   19 136.0465  -0.4401  11.0050   0.6072
   20 137.6164  -0.5177  11.0050   0.5946
   21 138.3788  -0.4556  11.0050   0.5852
   22 137.7385  -0.4583  11.0050   0.5937
   23 138.8711  -0.4111  11.0050   0.5806
   24 140.3799  -0.3492  11.0050   0.5676
   25 140.5553  -0.2597  11.0050   0.5637
   26 139.3282  -0.3506  11.0050   0.5763
   27 140.8244  -0.3650  11.0050   0.5641
   28 142.3678  -0.3501  11.0050   0.5504
   29 142.3036  -0.4942  11.0050   0.5550
   30 141.2675  -0.3882  11.0050   0.5614
   31 143.4886  -0.3519  11.0050   0.5435
   32 145.1079  -0.2382  11.0050   0.5304
   33 144.1559  -0.3992  11.0050   0.5394
   34 146.1150  -0.3570  11.0050   0.5265
   35 147.3518  -0.2589  11.0050   0.5160
   36 146.3558  -0.4050  11.0050   0.5289
   37 148.2274  -0.4024  11.0050   0.5165
   38 149.7039  -0.3803  11.0050   0.5065
   39 148.6022  -0.4819  11.0050   0.5176
   40 151.9331  -0.3534  11.0050   0.4962
   41 151.8561  -0.4475  11.0050   0.5016
   42 154.6456  -0.2812  11.0050   0.4822
   43 154.6228  -0.3985  11.0050   0.4862
   44 160.2408  -0.4253  11.0050   0.4697
   45 157.5238  -0.4026  11.0050   0.4755
   46 162.8193  -0.4783  11.0050   0.4653
   47 130.7913  -0.4312  11.0050   0.6684
   48 132.1953  -0.4633  11.0050   0.6483
   49 133.1676  -0.3189  11.0050   0.6290
   50 133.0470  -0.2729  11.0050   0.6309
   51 131.9988  -0.4250  11.0050   0.6504
   52 130.6221  -0.3840  11.0050   0.6626
   53 132.9094  -0.4945  11.0050   0.6430
   54 134.2990  -0.4117  11.0050   0.6245
   55 136.1018  -0.4116  11.0050   0.6400
   56 134.4066  -0.3323  11.0050   0.6155
   57 132.9176  -0.3318  11.0050   0.6350
   58 134.5918  -0.4648  11.0050   0.6221
   59 135.9545  -0.5558  11.0050   0.6125
   60 136.7961  -0.2544  11.0050   0.5914
   61 136.0479  -0.3665  11.0050   0.6026
   62 134.4971  -0.3262  11.0050   0.6172
   63 136.3335  -0.4231  11.0050   0.6035
   64 138.0707  -0.3685  11.0050   0.5831
   65 138.5783  -0.3976  11.0050   0.5796
   66 137.9503  -0.3004  11.0050   0.5822
   67 139.0649  -0.5081  11.0050   0.5824
   68 140.2854  -0.5126  11.0050   0.5706
   69 140.2630  -0.4650  11.0050   0.5703
   70 139.0840  -0.4322  11.0050   0.5766
   71 140.9969  -0.4634  11.0050   0.5643
   72 142.5128  -0.4290  11.0050   0.5505
   73 142.4771  -0.3961  11.0050   0.5494
   74 141.0677  -0.3944  11.0050   0.5605
   75 144.1463  -0.4040  11.0050   0.5396
   76 145.0525  -0.3988  11.0050   0.5307
   77 143.7382  -0.5346  11.0050   0.5457
   78 146.2201  -0.4688  11.0050   0.5268
   79 147.2452  -0.4711  11.0050   0.5199
   80 146.3028  -0.4652  11.0050   0.5242
   81 148.8087  -0.4765  11.0050   0.5147
   82 149.8588  -0.4177  11.0050   0.5053
   83 148.7868  -0.4212  11.0050   0.5088
   84 151.8824  -0.5311  11.0050   0.5013
   85 152.1329  -0.3597  11.0050   0.4927
   86 154.6746  -0.4207  11.0050   0.4853
   87 154.6213  -0.4639  11.0050   0.4845
   88 157.3336  -0.4513  11.0050   0.4753
   89 160.3445  -0.5154  11.0050   0.4704
   90 163.1337  -0.5037  11.0050   0.4625
   91 131.1181  -0.6592  11.0050   0.6715
   92 132.8146  -0.3637  11.0050   0.6372
   93 133.4597  -0.4432  11.0050   0.6325
   94 133.4940  -0.3814  11.0050   0.6287
   95 132.3013  -0.5917  11.0050   0.6497
   96 130.6171  -0.6493  11.0050   0.6747
   97 133.5843  -0.4637  11.0050   0.6313
   98 134.9606  -0.3800  11.0050   0.6127
   99 135.3062  -0.4797  11.0050   0.6123
   100 134.5591  -0.4859  11.0050   0.6197
   101 133.1196  -0.6038  11.0050   0.6411
   102 135.1640  -0.5335  11.0050   0.6181
   103 136.5123  -0.4920  11.0050   0.6026
   104 137.0405  -0.5296  11.0050   0.5971
   105 136.5642  -0.4027  11.0050   0.5957
   106 136.5642  -0.4027  11.0050   0.5957
   107 136.8409  -0.5283  11.0050   0.6034
   108 138.5623  -0.4716  11.0050   0.5816
   109 138.9499  -0.4751  11.0050   0.5785
   110 138.1429  -0.4709  11.0050   0.5866
   111 139.3434  -0.5241  11.0050   0.5774
   112 141.0604  -0.3655  11.0050   0.5601
   113 140.8066  -0.4540  11.0050   0.5642
   114 139.3005  -0.4404  11.0050   0.5752
   115 141.6345  -0.4831  11.0050   0.5610
   116 143.1426  -0.4549  11.0050   0.5457
   117 142.7471  -0.5454  11.0050   0.5523
   118 141.2301  -0.5102  11.0050   0.5636
   119 143.3659  -3.4060  11.0050   0.7445
   120 145.4217  -0.4245  11.0050   0.5296
   121 144.2781  -0.4410  11.0050   0.5389
   122 146.7222  -0.5599  11.0050   0.5271
   123 147.6977  -0.4809  11.0050   0.5203
   124 146.5460  -0.4206  11.0050   0.5244
   125 149.0598  -0.5659  11.0050   0.5187
   126 150.2892  -0.4205  11.0050   0.5046
   127 148.8387  -0.4926  11.0050   0.5154
   128 152.6693  -0.4809  11.0050   0.4970
   129 152.1131  -0.5363  11.0050   0.5010
   130 155.0463  -0.5210  11.0050   0.4880
   131 154.7853  -0.4774  11.0050   0.4868
   132 157.3510  -0.5290  11.0050   0.4809
   133 160.8139  -0.5002  11.0050   0.4684
   134 163.5170  -0.5026  11.0050   0.4624
         135   66.59930     -0.3200000       11.00500      0.5537000
         136   64.23130     -0.3200000       11.00500      0.5379000
         137   62.36170     -0.3200000       11.00500      0.5337999
         138   61.14130     -0.3200000       11.00500      0.5415000
         139   66.48230     -0.3200000       11.00500      0.5489000
         140   64.26080     -0.3200000       11.00500      0.5367000
         141   62.38260     -0.3200000       11.00500      0.5337936
         142   61.23530     -0.3200000       11.00500      0.5414000
         143   57.64330     -0.3200000       11.00500      0.7585000
         144   55.49730     -0.3200000       11.00500      0.7514000
         145   53.40640     -0.3200000       11.00500      0.7504000
         146   51.97970     -0.3200000       11.00500      0.7533000
         147   57.75180     -0.3200000       11.00500      0.7632000
         148   55.32760     -0.3200000       11.00500      0.7514064
         149   53.51190     -0.3200000       11.00500      0.7492000
         150   52.07840     -0.3200000       11.00500      0.7544999
         151   53.00310     -0.3200000       11.00500      0.5537000
         152   48.62340     -0.3200000       11.00500      0.5390999
         153   44.98860     -0.3200000       11.00500      0.5338000
         154   42.63670     -0.3200000       11.00500      0.5426000
         155   53.06250     -0.3200000       11.00500      0.5525001
         156   48.64810     -0.3200000       11.00500      0.5390999
         157   44.82760     -0.3200000       11.00500      0.5350000
         158   42.49730     -0.3200000       11.00500      0.5437999
         159   38.56680     -0.3200000       11.00500      0.7489000
         160   42.44520     -0.3200000       11.00500      0.7574000
         161   35.14360     -0.3200000       11.00500      0.7491000
         162   32.76330     -0.3200000       11.00500      0.7510000
         163   42.84830     -0.3200000       11.00500      0.7561000
         164   38.63160     -0.3200000       11.00500      0.7454000
         165   35.71850     -0.3200000       11.00500      0.7468000
         166   33.06170     -0.3200000       11.00500      0.7521000
         167   47.30100     -0.3200000       11.00500      0.7526001
         168   43.88370     -0.3200000       11.00500      0.7430000
         169   40.84440     -0.3200000       11.00500      0.7373000
         170   38.83920     -0.3200000       11.00500      0.7450000
         171   47.26020     -0.3200000       11.00500      0.7596999
         172   43.85300     -0.3200000       11.00500      0.7442000
         173   41.00600     -0.3200000       11.00500      0.7408000
         174   38.76600     -0.3200000       11.00500      0.7473000
         175   56.35840     -0.3200000       11.00500      0.5466000
         176   52.81750     -0.3200000       11.00500      0.5307001
         177   49.48620     -0.3200000       11.00500      0.5278001
         178   47.35590     -0.3200000       11.00500      0.5354000
         179   56.47160     -0.3200000       11.00500      0.5524999
         180   52.44380     -0.3200000       11.00500      0.5367001
         181   49.46570     -0.3200000       11.00500      0.5315000
         182   47.31070     -0.3200000       11.00500      0.5367001
         183   61.76000     -0.3200000       11.00500      0.7561000
         184   60.59000     -0.3200000       11.00500      0.7502000
         185   59.03000     -0.3200000       11.00500      0.7468000
         186   57.41000     -0.3200000       11.00500      0.7545000
         187   62.68000     -0.3200000       11.00500      0.7586000
         188   59.72000     -0.3200000       11.00500      0.7490064
         189   58.72000     -0.3200000       11.00500      0.7468000
         190   57.82000     -0.3200000       11.00500      0.7485000
         191   71.27000     -0.3200000       11.00500      0.5489000
         192   69.62000     -0.3200000       11.00500      0.5354937
         193   68.14000     -0.3200000       11.00500      0.5326000
         194   67.68000     -0.3200000       11.00500      0.5415000
         195   71.52000     -0.3200000       11.00500      0.5573000
         196   68.46000     -0.3200000       11.00500      0.5426936
         197   68.19000     -0.3200000       11.00500      0.5386001
         198   68.15000     -0.3200000       11.00500      0.5450000
