 	     1  0.0000000E+00  -4.250800       11.00400      -2.459400
          2  0.0000000E+00  0.0000000E+00   11.00400       2.380000
          3   130.8332     -0.3330621       11.00400      0.6706228
          4   132.3749     -0.4530586       11.00400      0.6543560
          5   133.5639     -0.2577462       11.00400      0.6344957
          6   133.3349     -0.4394040       11.00400      0.6482668
          7   132.7081     -0.3372949       11.00400      0.6454544
          8   131.3002     -0.3098700       11.00400      0.6638737
          9   133.0920     -0.4119382       11.00400      0.6462336
         10   134.8783     -0.2056430       11.00400      0.6165686
         11   135.4142     -0.2741029       11.00400      0.6132317
         12   135.1741     -5.3831864E-02   11.00400      0.6093092
         13   133.6886     -0.2066807       11.00400      0.6310549
         14   134.8881     -0.1581592       11.00400      0.6167440
         15   136.6911     -0.1261004       11.00400      0.5966330
         16   137.2314     -0.1781520       11.00400      0.5937891
         17   136.6588     -0.3418486       11.00400      0.6038170
         18   135.4197     -0.2654300       11.00400      0.6153574
         19   136.4597     -0.3523189       11.00400      0.6068563
         20   138.1101     -0.4148733       11.00400      0.5936441
         21   138.9246     -0.3762898       11.00400      0.5851517
         22   138.2960     -0.3753257       11.00400      0.5934534
         23   139.2400     -0.3268473       11.00400      0.5803852
         24   140.8115     -0.2638806       11.00400      0.5672836
         25   140.9925     -0.1750221       11.00400      0.5633211
         26   139.6907     -0.2652359       11.00400      0.5759916
         27   141.2098     -0.2765312       11.00400      0.5636568
         28   142.9481     -0.2750265       11.00400      0.5504208
         29   142.9463     -0.4132820       11.00400      0.5549393
         30   141.6067     -0.3070552       11.00400      0.5612946
         31   144.2588     -0.2691662       11.00400      0.5434036
         32   145.5138     -0.1617100       11.00400      0.5303526
         33   144.6481     -0.3239110       11.00400      0.5397024
         34   146.6470     -0.2776524       11.00400      0.5264158
         35   148.0368     -0.1616800       11.00400      0.5152788
         36   146.5063     -0.3735666       11.00400      0.5325298
         37   148.7344     -0.3218524       11.00400      0.5163727
         38   150.3103     -0.2984285       11.00400      0.5063543
         39   149.0500     -0.3802250       11.00400      0.5166693
         40   152.4972     -0.2685218       11.00400      0.4959793
         41   152.5507     -0.3654604       11.00400      0.5015268
         42   155.4184     -0.1974330       11.00400      0.4819899
         43   155.3978     -0.3173700       11.00400      0.4860830
         44   161.5697     -0.3469038       11.00400      0.4697113
         45   158.3064     -0.3218140       11.00400      0.4754696
         46   164.8147     -0.3971575       11.00400      0.4652119
         47   131.2811     -0.3512593       11.00400      0.6682806
         48   130.1400     -0.3737652       11.00400      0.6478052
         49   133.7849     -0.2264423       11.00400      0.6284113
         50   133.6559     -0.1917599       11.00400      0.6306829
         51   132.5193     -0.3404890       11.00400      0.6501293
         52   131.0274     -0.2978571       11.00400      0.6622858
         53   133.4633     -0.4139127       11.00400      0.6427774
         54   132.1602     -0.3256950       11.00400      0.6241741
         55   134.8306     -0.4116000       11.00400      0.6400000
         56   134.9639     -0.2524981       11.00400      0.6153698
         57   133.4626     -0.2422283       11.00400      0.6344957
         58   135.1235     -0.3827839       11.00400      0.6218977
         59   136.4318     -0.4811657       11.00400      0.6127758
         60   137.3532     -0.1740468       11.00400      0.5912514
         61   136.6050     -0.2797248       11.00400      0.6022234
         62   135.1298     -0.2387149       11.00400      0.6168690
         63   136.8770     -0.3216275       11.00400      0.6025724
         64   138.6843     -0.2866829       11.00400      0.5829992
         65   139.1943     -0.3054594       11.00400      0.5790195
         66   138.5098     -0.2137229       11.00400      0.5819092
         67   139.5368     -0.4251144       11.00400      0.5821972
         68   140.9824     -0.4328177       11.00400      0.5704765
         69   140.8184     -0.3658321       11.00400      0.5694714
         70   139.1142     -0.3496775       11.00400      0.5764542
         71   141.6166     -0.3867127       11.00400      0.5642395
         72   143.1914     -0.3475876       11.00400      0.5504017
         73   143.2683     -0.3152098       11.00400      0.5492744
         74   141.4422     -0.3013672       11.00400      0.5598869
         75   144.7580     -0.3186804       11.00400      0.5393629
         76   145.7784     -0.3171319       11.00400      0.5305138
         77   144.3992     -0.4512597       11.00400      0.5454836
         78   146.9767     -0.3847381       11.00400      0.5266199
         79   148.0869     -0.3807010       11.00400      0.5193977
         80   146.8352     -0.3839917       11.00400      0.5241346
         81   149.2551     -0.3956326       11.00400      0.5146685
         82   150.6319     -0.3248861       11.00400      0.5047054
         83   149.2751     -0.3444304       11.00400      0.5087624
         84   152.7070     -0.4518480       11.00400      0.5013428
         85   152.8866     -0.2843404       11.00400      0.4927130
         86   155.8247     -0.3441998       11.00400      0.4855461
         87   155.5240     -0.3638248       11.00400      0.4836216
         88   158.2368     -0.3774019       11.00400      0.4758072
         89   161.8888     -0.4372648       11.00400      0.4705067
         90   165.1584     -0.4108836       11.00400      0.4619455
         91   131.6525     -0.5776755       11.00400      0.6710300
         92   133.4522     -0.2790542       11.00400      0.6366796
         93   134.1192     -0.3620917       11.00400      0.6322823
         94   134.1766     -0.2988887       11.00400      0.6283312
         95   132.8604     -0.5108224       11.00400      0.6493387
         96   131.1847     -0.5655060       11.00400      0.6742668
         97   134.4921     -0.3813140       11.00400      0.6309605
         98   135.6221     -0.2939657       11.00400      0.6121206
         99   135.9681     -0.3965079       11.00400      0.6117897
        100   135.1924     -0.4060588       11.00400      0.6193752
        101   133.6149     -0.5227236       11.00400      0.6407061
        102   135.7191     -0.4487682       11.00400      0.6175270
        103   137.3036     -0.4103827       11.00400      0.6021452
        104   137.7378     -0.4245270       11.00400      0.5957251
        105   137.2082     -0.3176143       11.00400      0.5952339
        106   136.0213     -0.3176143       11.00400      0.5952339
        107   137.4839     -0.4496351       11.00400      0.6029921
        108   139.2926     -0.3976398       11.00400      0.5813770
        109   139.6607     -0.3901435       11.00400      0.5780001
        110   138.8235     -0.3912920       11.00400      0.5862446
        111   140.3131     -0.4362935       11.00400      0.5767250
        112   141.7524     -0.2768111       11.00400      0.5594311
        113   141.4185     -0.3733709       11.00400      0.5638762
        114   139.9315     -0.3458558       11.00400      0.5742550
        115   142.2859     -0.3960874       11.00400      0.5603867
        116   143.8360     -0.3711259       11.00400      0.5452662
        117   143.6375     -0.4649337       11.00400      0.5519428
        118   141.8026     -0.4237682       11.00400      0.5630236
        119   138.9392      -3.378184       11.00400      0.7476768
        120   146.3154     -0.3390089       11.00400      0.5291262
        121   145.0014     -0.3587297       11.00400      0.5385103
        122   147.6541     -0.4802213       11.00400      0.5267668
        123   148.5682     -0.3963632       11.00400      0.5198202
        124   147.3022     -0.3376483       11.00400      0.5239487
        125   149.8472     -0.4844339       11.00400      0.5182934
        126   151.2194     -0.3362387       11.00400      0.5040903
        127   149.4934     -0.4118385       11.00400      0.5150318
        128   153.5676     -0.3877937       11.00400      0.4961843
        129   153.1291     -0.4548744       11.00400      0.5006332
        130   156.4297     -0.4399847       11.00400      0.4875536
        131   155.7758     -0.3971681       11.00400      0.4864397
        132   158.5166     -0.4418804       11.00400      0.4802799
        133   162.6882     -0.4074471       11.00400      0.4675083
        134   165.8511     -0.4250366       11.00400      0.4621143
        135   66.09914     -0.3200000       11.00400      0.5489253
        136   63.61872     -0.3200000       11.00400      0.5367063
        137   62.00946     -0.3200000       11.00400      0.5361873
        138   60.66531     -0.3200000       11.00400      0.5438873
        139   66.44232     -0.3200000       11.00400      0.5489000
        140   63.88530     -0.3200000       11.00400      0.5378937
        141   62.31899     -0.3200000       11.00400      0.5361810
        142   60.99734     -0.3200000       11.00400      0.5402064
        143   56.07354     -0.3200000       11.00400      0.7764049
        144   53.98675     -0.3200000       11.00400      0.7549809
        145   52.05294     -0.3200000       11.00400      0.7599493
        146   50.51541     -0.3200000       11.00400      0.7962716
        147   56.43166     -0.3200000       11.00400      0.7715555
        148   54.19236     -0.3200000       11.00400      0.7526000
        149   52.14345     -0.3200000       11.00400      0.7468127
        150   50.87452     -0.3200000       11.00400      0.7473381
        151   51.39214     -0.3200000       11.00400      0.5489253
        152   46.65871     -0.3200000       11.00400      0.5355190
        153   43.35145     -0.3200000       11.00400      0.5338000
        154   41.00524     -0.3200000       11.00400      0.5402127
        155   51.05322     -0.3200000       11.00400      0.5477254
        156   46.75302     -0.3200000       11.00400      0.5355190
        157   43.16998     -0.3200000       11.00400      0.5350000
        158   41.05488     -0.3200000       11.00400      0.5354444
        159   37.90593     -0.3200000       11.00400      0.7489000
        160   39.96227     -0.3200000       11.00400      0.7502381
        161   34.28107     -0.3200000       11.00400      0.7395508
        162   31.72050     -0.3200000       11.00400      0.7450317
        163   42.22933     -0.3200000       11.00400      0.7656493
        164   37.78421     -0.3200000       11.00400      0.7477873
        165   34.80689     -0.3200000       11.00400      0.7420254
        166   31.98102     -0.3200000       11.00400      0.7473254
        167   45.77581     -0.3200000       11.00400      0.7490190
        168   41.92703     -0.3200000       11.00400      0.7441936
        169   38.88275     -0.3200000       11.00400      0.7384936
        170   36.70337     -0.3200000       11.00400      0.7426127
        171   45.16463     -0.3200000       11.00400      0.7525381
        172   42.48778     -0.3200000       11.00400      0.7477810
        173   38.81047     -0.3200000       11.00400      0.8458416
        174   36.86621     -0.3200000       11.00400      0.7759477
        175   54.56083     -0.3200000       11.00400      0.5454063
        176   50.66298     -0.3200000       11.00400      0.5330873
        177   47.40234     -0.3200000       11.00400      0.5289937
        178   45.73813     -0.3200000       11.00400      0.5377873
        179   54.35064     -0.3200000       11.00400      0.5489190
        180   50.57115     -0.3200000       11.00400      0.5367000
        181   47.61283     -0.3200000       11.00400      0.5004650
        182   45.58920     -0.3200000       11.00400      0.5367000
        183   60.25244     -0.3200000       11.00400      0.7596810
        184   58.13695     -0.3200000       11.00400      0.7490063
        185   56.77912     -0.3200000       11.00400      0.7468000
        186   55.32420     -0.3200000       11.00400      0.7568873
        187   60.22412     -0.3200000       11.00400      0.7657619
        188   57.99603     -0.3200000       11.00400      0.7704921
        189   56.38594     -0.3200000       11.00400      0.7838033
        190   55.34169     -0.3200000       11.00400      0.7592429
        191   69.61734     -0.3200000       11.00400      0.5500937
        192   67.69970     -0.3200000       11.00400      0.5378810
        193   66.22131     -0.3200000       11.00400      0.5337936
        194   65.29707     -0.3200000       11.00400      0.5474682
        195   70.11261     -0.3200000       11.00400      0.5584936
        196   68.07781     -0.3200000       11.00400      0.5438873
        197   66.55157     -0.3200000       11.00400      0.5433747
        198   65.37709     -0.3200000       11.00400      0.5509683