Plik	Det	Theta	t0	L0	L1
49	49	36.98	-0.1682	11.055	0.8166
50	50	38.47	-0.0343	11.055	0.8085
51	51	40.42	-0.0212	11.055	0.8015
52	52	41.21	-0.0212	11.055	0.8015
53	53	43.98	-0.1411	11.055	0.8033
54	54	45.9	-0.1703	11.055	0.8024
55	55	47.43	0.0291	11.055	0.7957
56	56	49.23	-0.0457	11.055	0.797
57	57	53.91	-0.144	11.055	0.7943
58	58	55.11	-0.0864	11.055	0.7824
59	59	55.11	-0.0864	11.055	0.7824
60	60	55.11	-0.0864	11.055	0.7824
61	61	60.53	-0.313	11.055	0.782
62	62	62.98	-0.0647	11.055	0.7721
63	63	64.74	-0.0659	11.055	0.7702
64	64	66.9	-0.2312	11.055	0.7824
65	65	67.36	-0.1798	11.055	0.7034
66	66	65.6	-0.2344	11.055	0.7035
67	67	63.78	-0.0597	11.055	0.6877
68	68	61.64	-0.0298	11.055	0.689
69	69	59.43	-0.1785	11.055	0.6926
70	70	57	-0.2181	11.055	0.6929
71	71	55.62	-0.145	11.055	0.6906
72	72	52.95	0.0017	11.055	0.6862
73	73	48.42	0.0466	11.055	0.6916
74	74	46.52	-0.1135	11.055	0.6934
75	75	44.53	-0.2534	11.055	0.6969
76	76	42.47	 0.191	11.055	0.6743
77	77	39.93	-0.0772	11.055	0.6818
78	78	38.23	-0.1524	11.055	0.6888
79	79	36.16	-0.0733	11.055	0.6877
80	80	34.09	-0.3864	11.055	0.7063
