plik      det      theta       t0        L0       L1
    1.000000     1.000000    34.497500    -0.500000    11.000000     0.759380
    2.000000     2.000000    40.030000    -0.500000    11.000000     0.755438
    3.000000     3.000000    43.612500    -0.500000    11.000000     0.764292
    4.000000     4.000000    44.130000    -0.500000    11.000000     0.560035
    5.000000     5.000000    47.620000    -0.500000    11.000000     0.765445
    6.000000     6.000000    49.190000    -0.500000    11.000000     0.557345
    7.000000     7.000000    53.060000    -0.500000    11.000000     0.761175
    8.000000     8.000000    53.460000    -0.500000    11.000000     0.565832
    9.000000     9.000000    56.880000    -0.500000    11.000000     0.763530
   10.000000    10.000000    57.190000    -0.500000    11.000000     0.572535
   11.000000    11.000000    59.397500    -0.500000    11.000000     0.759025
   12.000000    12.000000    62.080000    -0.500000    11.000000     0.765450
   13.000000    13.000000    62.305000    -0.500000    11.000000     0.559140
   14.000000    14.000000    65.927500    -0.500000    11.000000     0.569700
   15.000000    15.000000    68.937500    -0.500000    11.000000     0.560632
   16.000000    16.000000    71.832500    -0.500000    11.000000     0.568823
