plik	det	theta	t0	L0	L1
1	1	67.14	-0.5	11	0.57851
2	2	64.67	-0.5	11	0.56391
3	3	62.89	-0.5	11	0.55623
4	4	61.83	-0.5	11	0.55906
5	5	67.1	-0.5	11	0.57732
6	6	64.8	-0.5	11	0.55906
7	7	62.96	-0.5	11	0.55743
8	8	61.54	-0.5	11	0.56384
9	9	57.56	-0.5	11	0.76664
10	10	55.41	-0.5	11	0.75833
11	11	53.59	-0.5	11	0.75255
12	12	52.5	-0.5	11	0.76622
13	13	57.54	-0.5	11	0.77142
14	14	55.57	-0.5	11	0.76192
15	15	53.65	-0.5	11	0.75852
16	16	52.5	-0.5	11	0.76741
17	17	53.48	-0.5	11	0.57612
18	18	49.38	-0.5	11	0.56272
19	19	45.65	-0.5	11	0.55743
20	20	42.98	-0.5	11	0.56264
21	21	53.21	-0.5	11	0.57373
22	22	49.03	-0.5	11	0.56033
23	23	45.22	-0.5	11	0.55743
24	24	42.67	-0.5	11	0.56264
25	25	39.13	-0.5	11	0.75708
26	26	42.68	-0.5	11	0.77267
27	27	35.56	-0.5	11	0.76091
28	28	33	-0.5	11	0.75785
29	29	43.1	-0.5	11	0.77262
30	30	39.52	-0.5	11	0.75953
31	31	36.06	-0.5	11	0.75852
32	32	33.37	-0.5	11	0.76024
33	33	47.9	-0.5	11	0.76186
34	34	44.45	-0.5	11	0.75594
35	35	41.5	-0.5	11	0.74896
36	36	39.22	-0.5	11	0.75666
37	37	47.34	-0.5	11	0.76903
38	38	44.22	-0.5	11	0.75594
39	39	41.62	-0.5	11	0.75613
40	40	39.19	-0.5	11	0.75427
41	41	56.83	-0.5	11	0.56895
42	42	53.61	-0.5	11	0.55674
43	43	50.27	-0.5	11	0.55265
44	44	48.14	-0.5	11	0.55786
45	45	57.55	-0.5	11	0.57612
46	46	53.54	-0.5	11	0.55674
47	47	50.37	-0.5	11	0.55145
48	48	47.95	-0.5	11	0.55906
49	49	61.8	-0.5	11	0.77023
50	50	59.82	-0.5	11	0.76192
51	51	58.64	-0.5	11	0.75733
52	52	57.77	-0.5	11	0.76024
53	53	62.36	-0.5	11	0.76067
54	54	60.06	-0.5	11	0.76311
55	55	59.07	-0.5	11	0.75374
56	56	57.43	-0.5	11	0.76263
57	57	72.34	-0.5	11	0.57015
58	58	71.03	-0.5	11	0.55913
59	59	69.26	-0.5	11	0.55384
60	60	68.43	-0.5	11	0.56025
61	61	72.84	-0.5	11	0.5809
62	62	71.12	-0.5	11	0.56511
63	63	69.67	-0.5	11	0.56221
64	64	68.39	-0.5	11	0.56623
