plik	det		t0	L0	L1
1	1	0.004	-0.41555	11	0.68724
2	2	0.0052	-0.53362	11	0.67081
3	3	131.5757	-0.33626	11	0.64551
4	4	132.3573	-0.51432	11	0.65923
5	5	133.0914	-0.41696	11	0.65644
6	6	132.7631	-0.39131	11	0.67483
7	7	132.6786	-0.49229	11	0.65724
8	8	132.2899	-0.28948	11	0.6278
9	9	133.7769	-0.36341	11	0.62465
10	10	134.87	-0.1394	11	0.62053
11	11	134.8304	-0.28812	11	0.6421
12	12	134.8799	-0.24465	11	0.62801
13	13	134.3232	-0.21483	11	0.60806
14	14	135.3766	-0.25204	11	0.60476
15	15	136.3318	-0.42449	11	0.61492
16	16	136.5015	-0.34894	11	0.62639
17	17	136.5089	-0.4403	11	0.61815
18	18	135.8649	-0.51784	11	0.60561
19	19	136.9083	-0.45545	11	0.59619
20	20	138.0091	-0.4586	11	0.60458
21	21	138.9296	-0.41087	11	0.59152
22	22	138.851	-0.34917	11	0.57853
23	23	139.6088	-0.26027	11	0.57461
24	24	140.4534	-0.35093	11	0.58715
25	25	140.8813	-0.36501	11	0.57497
26	26	140.2364	-0.35022	11	0.56139
27	27	141.392	-0.49449	11	0.56595
28	28	142.3839	-0.38806	11	0.57228
29	29	143.0227	-0.35205	11	0.55447
30	30	142.4037	-0.23804	11	0.54136
31	31	144.1206	-0.399	11	0.55027
32	32	145.4312	-0.35715	11	0.53743
33	33	145.1707	-0.25894	11	0.52698
34	34	146.3742	-0.40455	11	0.53983
35	35	147.7602	-0.40241	11	0.52739
36	36	147.4325	-0.38031	11	0.51743
37	37	148.5763	-0.4816	11	0.52849
38	38	150.4669	-0.35359	11	0.50717
39	39	149.5214	-0.44727	11	0.51255
40	40	152.7142	-0.28123	11	0.49313
41	41	152.9803	-0.39854	11	0.49714
42	42	155.8691	-0.42528	11	0.48071
43	43	155.4616	-0.40274	11	0.48647
44	44	160.8148	-0.4781	11	0.47621
45	45	149.6966	-0.4309	11	0.67859
46	46	153.7545	-0.46325	11	0.65846
47	47	131.9518	-0.31865	11	0.63993
48	48	132.9092	-0.27324	11	0.64179
49	49	133.0263	-0.42498	11	0.6613
50	50	132.6851	-0.38395	11	0.67345
51	51	132.5135	-0.49473	11	0.65389
52	52	131.8149	-0.41174	11	0.63549
53	53	134.9826	-0.143	11	0.5793
54	54	134.8841	-0.33234	11	0.6264
55	55	129.7413	-0.33159	11	0.64601
56	56	134.5706	-0.46492	11	0.63299
57	57	133.8003	-0.55557	11	0.62345
58	58	135.5999	-0.25453	11	0.60233
59	59	136.4555	-0.36624	11	0.61348
60	60	136.5174	-0.32645	11	0.62807
61	61	136.3071	-0.42363	11	0.61445
62	62	135.8582	-0.36861	11	0.59414
63	63	137.3771	-0.39759	11	0.59051
64	64	138.4443	-0.3006	11	0.59313
65	65	138.7356	-0.50817	11	0.59332
66	66	138.6008	-0.51252	11	0.58152
67	67	139.5747	-0.46443	11	0.58122
68	68	140.4962	-0.43215	11	0.58749
69	69	140.8	-0.46342	11	0.57522
70	70	139.8944	-0.429	11	0.56151
71	71	141.935	-0.39611	11	0.56029
72	72	142.5977	-0.39408	11	0.57131
73	73	143.2844	-0.40375	11	0.55053
74	74	142.2995	-0.39871	11	0.54167
75	75	144.171	-0.53443	11	0.55654
76	76	145.4881	-0.46863	11	0.53772
77	77	144.8779	-0.4711	11	0.53085
78	78	147.0979	-0.46521	11	0.53513
79	79	147.9185	-0.47653	11	0.52562
80	80	147.2678	-0.41773	11	0.51622
81	81	149.3738	-0.42121	11	0.51966
82	82	150.2906	-0.53074	11	0.51225
83	83	149.8174	-0.35974	11	0.50363
84	84	152.9632	-0.42058	11	0.4962
85	85	152.7113	-0.46403	11	0.49541
86	86	155.6876	-0.45163	11	0.48623
87	87	155.7293	-0.51548	11	0.48136
88	88	158.3449	-0.50371	11	0.47344
89	89	164.8439	-0.4315	11	0.42
90	90	168.2645	-0.4309	11	0.4159
