Plik	Det	Theta	t0	L0	L1
1	1   138.2143      -5.278300       11.05500      0.6970000    
2	2   139.4043      -5.278300       11.05500      0.6969000    
3	3   140.2283      -5.112200       11.05500      0.6838000    
4	4   140.2935      -5.153000       11.05500      0.6876000    
5	5   142.2332      -5.369500       11.05500      0.7063000    
6	6   141.6691      -5.369300       11.05500      0.7064000    
7	7   143.1504      -5.270300       11.05500      0.6890000    
8	8   144.2841      -5.228700       11.05500      0.6779000    
9	9   144.7143      -4.571800       11.05500      0.6513000    
10	10   144.2526      -5.109700       11.05500      0.6781000    
11	11   142.8445      -5.158600       11.05500      0.6932000    
12	12   144.5417      -5.354800       11.05500      0.6789000    
13	13   145.7985      -5.170000       11.05500      0.6618000    
14	14   146.8051      -5.107700       11.05500      0.6558000    
15	15   145.9616      -5.101900       11.05500      0.6624000    
16	16   144.6476      -4.920000       11.05500      0.6715000    
17	17   146.2607      -4.696400       11.05500      0.6404000    
18	18   147.6942      -5.332500       11.05500      0.6561000    
19	19   148.6805      -5.157200       11.05500      0.6461000    
20	20   147.4398      -5.420400       11.05500      0.6632000    
21	21   148.7139      -5.013400       11.05500      0.6372000    
22	22   150.2791      -5.240600       11.05500      0.6370000    
23	23   149.8887      -4.914300       11.05500      0.6277000    
24	24   148.7374      -4.938800       11.05500      0.6388000    
25	25   150.5618      -5.265400       11.05500      0.6328000    
26	26   151.9372      -5.366100       11.05500      0.6305000    
27	27   152.5225      -5.061800       11.05500      0.6219000    
28	28   150.2993      -5.174000       11.05500      0.6343000    
29	29   150.2993      -5.174000       11.05500      0.6343000    
30	30   153.3592      -4.595000       11.05500      0.5897000    
31	31   152.7393      -5.150800       11.05500      0.6152000    
32	32   154.5924      -5.150800       11.05500      0.6152000    
33	33   155.9605      -5.150800       11.05500      0.6152000    
34	34   154.6419      -5.150800       11.05500      0.6152000    
35	35   157.1920      -5.150800       11.05500      0.6152000    
36	36   157.6563      -5.150800       11.05500      0.6152000    
37	37   157.1584      -5.150800       11.05500      0.6152000    
38	38   160.1875      -5.150800       11.05500      0.6152000    
39	39   159.6802      -5.150800       11.05500      0.6152000    
40	40   161.8664      -5.150800       11.05500      0.6152000    
41	41   161.3660      -5.310300       11.05500      0.5792000    
42	42   163.9208      -5.282200       11.05500      0.5719000    
43	43   165.6523      -5.286800       11.05500      0.5648000    
44	44   167.2965      -2.123800       11.05500      0.4588000    
45	45   138.2143      -2.123800       11.05500      0.4588000    
46	46   139.4043      -2.123800       11.05500      0.4588000    
47	47   140.2283      -2.123800       11.05500      0.4588000    
48	48   140.2935      -2.123800       11.05500      0.4588000    
49	49   67.66000      -5.000900       11.05500      0.7051000    
50	50   65.68000      -5.061800       11.05500      0.7048000    
51	51   63.74000      -5.061800       11.05500      0.7048000    
52	52   61.65000      -5.117500       11.05500      0.7018000    
53	53   59.11000      -5.179500       11.05500      0.6971000    
54	54   57.47000      -5.111200       11.05500      0.6950000    
55	55   55.35000      -5.110400       11.05500      0.6930000    
56	56   53.20000      -5.236800       11.05500      0.6991000    
57	57   32.25000      -5.123800       11.05500      0.7011000    
58	58   34.27000      -5.038300       11.05500      0.6958000    
59	59   36.33000      -5.116200       11.05500      0.6922000    
60	60   38.45000      -5.178000       11.05500      0.6943000    
61	61   40.76000      -5.041500       11.05500      0.6868000    
62	62   42.93000      -5.154400       11.05500      0.6940000    
63	63   45.10000      -5.030000       11.05500      0.6902000    
64	64   47.35000      -5.106600       11.05500      0.6942000    
65	65   51.27000      -5.036900       11.05500      0.6932000    
66	66   53.55000      -5.066300       11.05500      0.6891000    
67	67   55.65000      -5.078200       11.05500      0.6898000    
68	68   58.00000      -5.226800       11.05500      0.6980000    
69	69   60.07000      -5.035200       11.05500      0.6851000    
70	70   62.36000      -5.121300       11.05500      0.6902000    
71	71   64.47000      -5.063100       11.05500      0.6913000    
72	72   66.68000      -5.255600       11.05500      0.7054000    
73	73   49.07000      -5.168600       11.05500      0.6985000    
74	74   47.40000      -5.063700       11.05500      0.6861000    
75	75   45.35000      -5.107900       11.05500      0.6881000    
76	76   42.97000      -5.258500       11.05500      0.6903000    
77	77   41.14000      -5.229100       11.05500      0.6903000    
78	78   38.95000      -5.117500       11.05500      0.6815000    
79	79   36.80000      -5.028100       11.05500      0.6849000    
80	80   34.85000      -5.195600       11.05500      0.6896000    
81	81  0.0000000E+00  -4.440600       11.05500      -2.460500    
82	82  0.0000000E+00  -4.917600       11.05500      0.7178000    
83	83   155.9605      -5.411900       11.05500      0.6125000    
84	84   154.6419      -5.387800       11.05500      0.6155000    
85	85   157.1920      -5.411000       11.05500      0.6046000    
