1	-4.2301	11.0047	-2.4591	4896.91	0
2	0	11.0047	2.3801	4896.71	0
3	-0.170613	11.0047	0.664006	4896.81	131.173
4	-0.10116	11.0047	0.642812	4896.67	132.777
5	-0.094865	11.0047	0.631273	4896.85	133.764
6	-0.0493499	11.0047	0.62884	4896.44	133.866
7	-0.138556	11.0047	0.640677	4896.87	132.935
8	0.0192974	11.0047	0.656317	4899.1	127.977
9	-0.0749191	11.0047	0.628776	4896.44	133.767
10	0.0194792	11.0047	0.616099	4896.92	135.043
11	-0.0106489	11.0047	0.615498	4894.76	133.596
12	-0.0303047	11.0047	0.608274	4901.88	135.29
13	-0.0835403	11.0047	0.638539	4897.16	133.701
14	-0.00386729	11.0047	0.615663	4896.9	135.204
15	-0.00342122	11.0047	0.597238	4896.91	136.783
16	-0.0485242	11.0047	0.595812	4896.23	137.14
17	-0.0820431	11.0047	0.597833	4896.81	136.986
18	0.00961676	11.0047	0.607394	4896.69	135.852
19	-0.213468	11.0047	0.600144	4896.73	136.893
20	-0.0984995	11.0047	0.584657	4896.65	138.541
21	-0.0763138	11.0047	0.579697	4896.74	139.259
22	0.0295234	11.0047	0.583648	4896.58	138.723
23	-0.0767814	11.0047	0.573124	4896.78	139.626
24	-0.0368167	11.0047	0.563983	4896.9	141.043
25	-0.109073	11.0047	0.567775	4897.15	140.965
26	-0.0531854	11.0047	0.571153	4896.89	139.948
27	-0.0749993	11.0047	0.559584	4896.8	141.644
28	-0.176086	11.0047	0.550181	4896.93	143.096
29	-0.221199	11.0047	0.554541	4896.88	143.139
30	-0.0320751	11.0047	0.559531	4896.96	141.875
31	0.0931932	11.0047	0.533323	4896.45	144.828
32	-0.0171733	11.0047	0.534362	4897.15	145.6
33	0.00964697	11.0047	0.534898	4896.72	145.059
34	-0.0187664	11.0047	0.521495	4896.76	147.085
35	-0.104157	11.0047	0.523335	4897.2	147.891
36	-0.049304	11.0047	0.522092	4896.8	148.37
37	-0.0594305	11.0047	0.511879	4896.82	149.117
38	-0.0865964	11.0047	0.50613	4896.93	150.576
39	0.0238919	11.0047	0.513546	4896.79	149.597
40	-0.0580927	11.0047	0.494224	4896.91	152.837
41	-0.0575691	11.0047	0.496497	4896.78	152.902
42	0.0213037	11.0047	0.478607	4896.77	155.902
43	-0.103463	11.0047	0.48212	4898.7	155.841
44	-0.137753	11.0047	0.463128	4896.65	161.999
45	-0.0561472	11.0047	0.47405	4896.92	158.62
46	-0.159448	11.0047	0.454149	4896.49	165.009
47	-0.193995	11.0047	0.661118	4896.71	131.662
48	-0.140596	11.0047	0.63613	4898.1	130.655
49	-0.0410135	11.0047	0.626429	4902.55	133.909
50	-0.134214	11.0047	0.631527	4896.92	133.726
51	-0.236594	11.0047	0.641312	4896.72	132.805
52	-0.00603845	11.0047	0.657273	4896.85	131.283
53	-0.0481668	11.0047	0.622264	4896.33	134.12
54	-0.192841	11.0047	0.613656	4898.2	132.544
55	--	11.0047	--	--	112.824
56	-0.0863958	11.0047	0.604665	4902.72	130.896
57	-0.0916048	11.0047	0.627566	4896.73	133.737
58	-0.163574	11.0047	0.602623	4904.55	118.825
59	-0.201007	11.0047	0.601525	4896.61	136.919
60	-0.038517	11.0047	0.598113	4897.08	137.359
61	-0.0311312	11.0047	0.596275	4896.74	136.882
62	-0.0785475	11.0047	0.612206	4896.65	135.635
63	-0.196383	11.0047	0.592186	4897.97	134.875
64	-0.107481	11.0047	0.576366	4896.66	139.091
65	-0.14036	11.0047	0.582242	4896.98	139.255
66	-0.113285	11.0047	0.581847	4896.92	130.677
67	-0.112176	11.0047	0.569707	4896.55	140.091
68	-0.190999	11.0047	0.566702	4896.74	141.205
69	-0.145282	11.0047	0.562592	4896.67	141.22
70	-0.151976	11.0047	0.569829	4896.99	139.256
71	-0.130806	11.0047	0.553411	4896.46	142.254
72	-0.135896	11.0047	0.544	4896.65	143.595
73	-0.141062	11.0047	0.551372	4897.1	142.502
74	-0.0862398	11.0047	0.554321	4896.78	141.859
75	-0.10787	11.0047	0.532867	4896.68	145.179
76	-0.142613	11.0047	0.532343	4896.8	145.915
77	-0.197688	11.0047	0.540372	4896.66	144.86
78	-0.111771	11.0047	0.51606	4896.45	147.609
79	-0.170534	11.0047	0.516713	4896.71	148.43
80	-0.0591129	11.0047	0.519791	4896.77	147.252
81	-0.0989627	11.0047	0.501591	4896.45	150.115
82	-0.155346	11.0047	0.501309	4896.74	150.999
83	-0.151685	11.0047	0.506178	4896.85	149.694
84	-0.154629	11.0047	0.489114	4896.42	153.438
85	-0.154793	11.0047	0.492892	4896.92	153.135
86	-0.180896	11.0047	0.479137	4896.56	156.376
87	-0.182252	11.0047	0.483416	4896.85	155.935
88	-0.195877	11.0047	0.471194	4896.74	158.81
89	-0.166387	11.0047	0.456887	4900.48	162.652
90	-0.210512	11.0047	0.456695	4896.61	165.201
91	-0.137054	11.0047	0.652797	4896.44	132.236
92	-0.156885	11.0047	0.630872	4896.72	129.488
93	-0.120838	11.0047	0.628251	4896.72	134.378
94	-0.202584	11.0047	0.633113	4896.97	134.133
95	-0.21208	11.0047	0.636163	4896.53	133.264
96	-0.194842	11.0047	0.659649	4896.54	131.64
97	-0.164236	11.0047	0.623931	4896.41	134.934
98	-0.166291	11.0047	0.612168	4896.83	135.771
99	-0.141906	11.0047	0.610362	4896.8	136.121
100	-0.122091	11.0047	0.60849	4896.48	134.418
101	-0.206501	11.0047	0.636402	4896.83	133.827
102	-0.118558	11.0047	0.606614	4896.6	136.129
103	-0.166044	11.0047	0.594199	4896.56	137.628
104	-0.159916	11.0047	0.589313	4896.63	138.059
105	-0.119565	11.0047	0.589687	4902.92	126.871
106	0	11.0047	0.601001	4897.57	136.137
107	-0.136334	11.0047	0.594336	4896.58	137.913
108	-0.125842	11.0047	0.572407	4896.49	139.769
109	-0.190761	11.0047	0.574766	4896.7	139.963
110	-0.0491058	11.0047	0.578998	4896.58	142.42
111	-0.158322	11.0047	0.568189	4896.39	140.787
112	-0.139972	11.0047	0.556551	4896.69	142.093
113	-0.163379	11.0047	0.563358	4896.83	146.597
114	-0.211408	11.0047	0.565699	4896.56	140.407
115	-0.192735	11.0047	0.555501	4896.6	143.313
116	-0.11618	11.0047	0.54574	4896.86	144.053
117	-0.135029	11.0047	0.53927	4896.36	144.141
118	-0.13917	11.0047	0.555396	4896.62	142.263
119	0.128545	11.0047	0.523857	4889.67	146.092
120	-0.118548	11.0047	0.533221	4896.92	146.403
121	-0.0741325	11.0047	0.534901	4896.65	145.484
122	-0.1752	11.0047	0.522229	4898.3	144.381
123	-0.13426	11.0047	0.518656	4896.78	148.228
124	-0.13548	11.0047	0.52307	4896.81	147.576
125	-0.196615	11.0047	0.508247	4896.44	150.575
126	-0.137865	11.0047	0.505699	4896.83	151.521
127	-0.204628	11.0047	0.511374	4896.74	149.969
128	-0.108182	11.0047	0.492645	4896.64	155.263
129	-0.194047	11.0047	0.493435	4896.54	153.649
130	-0.162812	11.0047	0.480851	4895.01	146.895
131	-0.139061	11.0047	0.481357	4896.64	156.28
132	-0.171753	11.0047	0.474245	4896.55	159.247
133	-0.178405	11.0047	0.454582	4898.64	163.479
134	-0.160044	11.0047	0.452686	4896.46	165.084
135	-0.195969	11.0047	0.535606	4897.22	66.3067
136	-0.195969	11.0047	0.523013	4897.13	63.9265
137	-0.195969	11.0047	0.52323	4897.17	62.1877
138	-0.195969	11.0047	0.531307	4897.33	60.9162
139	-0.195969	11.0047	0.536032	4897.35	66.5937
140	-0.195969	11.0047	0.525176	4897.35	64.1915
141	-0.195969	11.0047	0.531376	4890.5	83.2705
142	-0.195969	11.0047	0.526691	4897.27	61.159
143	-0.195969	11.0047	0.742576	4897.36	56.5527
144	-0.195969	11.0047	0.740605	4897.29	54.2621
145	-0.195969	11.0047	0.744431	4897.29	52.282
146	-0.195969	11.0047	0.753449	4897.25	50.8921
147	-0.195969	11.0047	0.746738	4897.37	56.7019
148	-0.195969	11.0047	0.738302	4897.32	54.3654
149	-0.195969	11.0047	0.732643	4897.3	52.4556
150	-0.195969	11.0047	0.732956	4897.32	51.0703
151	-0.195969	11.0047	0.535686	4896.98	52.0145
152	-0.195969	11.0047	0.521991	4896.91	47.3776
153	-0.195969	11.0047	0.519979	4897.11	43.8687
154	-0.195969	11.0047	0.526081	4897.12	41.2871
155	-0.195969	11.0047	0.533953	4896.97	51.8331
156	-0.195969	11.0047	0.523087	4897.03	47.4322
157	-0.195969	11.0047	0.521363	4897.11	43.5542
158	-0.195969	11.0047	0.521591	4897.13	41.3243
159	-0.195969	11.0047	0.737339	4897.23	42.0498
160	-0.195969	11.0047	0.733823	4897.29	37.7545
161	-0.195969	11.0047	0.724996	4898.15	38.3362
162	-0.195969	11.0047	0.738426	4897.26	31.9121
163	-0.195969	11.0047	0.752474	4897.09	42.6189
164	-0.195969	11.0047	0.734246	4897.08	38.7052
165	-0.195969	11.0047	0.729056	4897.25	32.1709
166	-0.195969	11.0047	0.73312	4897.37	32.2852
167	-0.195969	11.0047	0.735285	4897.17	45.9155
168	-0.195969	11.0047	0.729497	4897.22	42.3045
169	-0.195969	11.0047	0.72384	4897.25	39.2559
170	-0.195969	11.0047	0.730593	4897.23	37.0453
171	-0.195969	11.0047	0.730712	4897.25	45.9274
172	-0.195969	11.0047	0.731419	4897.06	42.8429
173	-0.195969	11.0047	--	--	40.4663
174	-0.195969	11.0047	0.746415	4897.19	37.1656
175	-0.195969	11.0047	0.531744	4897.15	55.0514
176	-0.195969	11.0047	0.519594	4897.1	51.1848
177	-0.195969	11.0047	0.514976	4897.07	48.0969
178	-0.195969	11.0047	0.523715	4897.2	47.5829
179	-0.195969	11.0047	0.535016	4897.07	55.052
180	-0.195969	11.0047	0.522365	4897.27	51.0807
181	-0.195969	11.0047	0.526239	4895.87	47.9054
182	-0.195969	11.0047	0.523107	4897.11	45.9797
183	-0.195969	11.0047	0.74507	4897.35	60.3561
184	-0.195969	11.0047	0.73276	4897.39	58.3724
185	-0.195969	11.0047	0.730998	4897.32	37.8514
186	-0.195969	11.0047	0.741865	4897.33	55.5799
187	-0.195969	11.0047	0.750567	4897.34	60.3755
188	-0.195969	11.0047	0.738754	4897.34	58.342
189	-0.195969	11.0047	0.73691	4897.37	56.7208
190	-0.195969	11.0047	0.744901	4897.3	55.5691
191	-0.195969	11.0047	0.535174	4897.36	69.6192
192	-0.195969	11.0047	0.522855	4897.29	67.7269
193	-0.195969	11.0047	0.518797	4897.25	66.282
194	-0.195969	11.0047	0.531834	4897.31	65.3337
195	-0.195969	11.0047	0.542978	4897.24	70.0863
196	-0.195969	11.0047	0.529876	4897.25	68.075
197	-0.195969	11.0047	0.527814	4897.32	66.5384
198	-0.195969	11.0047	0.535887	4897.34	65.4012
