3	130.991	130.991	130.992	130.991333	0.000471	133.627724	-2.636391
4	132.422	132.422	132.424	132.422667	0.000943	135.0913281	-2.668661
5	133.324	133.324	133.325	133.324333	0.000471	135.7641959	-2.439863
6	133.477	133.477	133.478	133.477333	0.000471	135.5390899	-2.061757
7	132.629	132.629	132.63	132.629333	0.000471	134.4643476	-1.835014
8	131.277	131.277	131.277	131.277000	0.000000	132.7220598	-1.445060
9	133.465	133.465	133.466	133.465333	0.000471	136.0193822	-2.554049
10	134.818	134.818	134.819	134.818333	0.000471	137.2328059	-2.414473
11	135.291	135.291	135.292	135.291333	0.000471	137.4822496	-2.190916
12	134.947	134.947	134.948	134.947333	0.000471	136.7305171	-1.783184
13	133.503	133.503	133.503	133.503000	0.000000	135.1262097	-1.623210
14	135.04	135.04	135.041	135.040333	0.000471	136.6612955	-1.620962
15	136.42	136.42	136.421	136.420333	0.000471	138.4691476	-2.048814
16	137.033	137.033	137.034	137.033333	0.000471	139.3039292	-2.270596
17	136.586	136.586	136.587	136.586333	0.000471	139.0063819	-2.420049
18	135.366	135.366	135.367	135.366333	0.000471	137.6491749	-2.282842
19	136.632	136.632	136.634	136.632667	0.000943	139.3968433	-2.764177
20	138.319	138.319	138.321	138.319667	0.000943	140.912153	-2.592486
21	139.133	139.133	139.134	139.133333	0.000471	141.2159019	-2.082569
22	138.558	138.558	138.559	138.558333	0.000471	140.2497439	-1.691411
23	139.511	139.511	139.512	139.511333	0.000471	142.2041261	-2.692793
24	140.721	140.721	140.723	140.721667	0.000943	143.2561345	-2.534468
25	140.873	140.873	140.874	140.873333	0.000471	142.85995	-1.986617
26	139.632	139.632	139.633	139.632333	0.000471	141.1293362	-1.497003
27	141.447	141.447	141.448	141.447333	0.000471	143.0814052	-1.634072
28	142.689	142.689	142.69	142.689333	0.000471	144.9993607	-2.310027
29	142.839	142.839	142.84	142.839333	0.000471	145.3756759	-2.536343
30	141.62	141.62	141.621	141.620333	0.000471	144.1193276	-2.498994
31	144.651	144.651	144.65	144.650667	0.000471	146.3045648	-1.653898
32	145.323	145.323	145.324	145.323333	0.000471	147.6522946	-2.328961
33	144.801	144.801	144.803	144.801667	0.000943	147.1188039	-2.317137
34	146.872	146.872	146.874	146.872667	0.000943	149.5077724	-2.635106
35	147.676	147.676	147.677	147.676333	0.000471	149.9852192	-2.308886
36	146.882	146.882	146.882	146.882000	0.000000	148.3275851	-1.445585
37	148.979	148.979	148.981	148.979667	0.000943	150.7461781	-1.766511
38	150.256	150.256	150.257	150.256333	0.000471	152.5093635	-2.253030
39	149.423	149.423	149.425	149.423667	0.000943	151.7801023	-2.356436
40	152.496	152.496	152.497	152.496333	0.000471	154.4230847	-1.926751
41	152.708	152.708	152.71	152.708667	0.000943	155.047821	-2.339154
42	155.419	155.419	155.421	155.419667	0.000943	157.8200907	-2.400424
43	155.371	155.371	155.372	155.371333	0.000471	156.7976698	-1.426336
44	161.574	161.574	161.573	161.573667	0.000471	160.5348439	1.038823
45	158.392	158.392	158.397	158.393667	0.002357	163.5419586	-5.148292
46	164.968	164.968	164.97	164.968667	0.000943	166.3615413	-1.392875
47	131.294	131.294	131.295	131.294333	0.000471	133.9545326	-2.660199
48	132.72	132.72	132.721	132.720333	0.000471	135.3966812	-2.676348
49	133.622	133.622	133.623	133.622333	0.000471	136.0355874	-2.413254
50	133.524	133.524	133.526	133.524667	0.000943	135.7566163	-2.231950
51	132.482	132.482	132.483	132.482333	0.000471	134.6098039	-2.127471
52	131.296	131.296	131.297	131.296333	0.000471	132.7831739	-1.486841
53	133.827	133.827	133.829	133.827667	0.000943	136.3594303	-2.531764
54	134.844	134.844	134.845	134.844333	0.000471	137.552145	-2.707812
55	105.62	62.9491	103.622	90.730367	19.661249	137.7610758	-47.030709
56	134.716	134.716	134.717	134.716333	0.000471	136.944963	-2.228630
57	133.366	133.366	133.367	133.366333	0.000471	135.2578843	-1.891551
58	135.131	135.131	135.132	135.131333	0.000471	137.0272397	-1.895906
59	136.579	136.579	136.581	136.579667	0.000943	138.8281745	-2.248508
60	137.097	137.097	137.098	137.097333	0.000471	139.6387408	-2.541407
61	136.664	136.664	136.664	136.664000	0.000000	139.2894749	-2.625475
62	135.152	135.152	135.153	135.152333	0.000471	137.8552091	-2.702876
63	137.077	137.077	137.079	137.077667	0.000943	139.7820905	-2.704424
64	138.755	138.755	138.756	138.755333	0.000471	141.2924202	-2.537087
65	139.234	139.234	139.235	139.234333	0.000471	141.5653237	-2.330990
66	138.453	138.453	138.454	138.453333	0.000471	140.5324617	-2.079128
67	139.922	139.922	139.924	139.922667	0.000943	142.6165168	-2.693850
68	141.056	141.056	141.058	141.056667	0.000943	143.6603607	-2.603694
69	140.971	140.971	141.082	141.008000	0.052326	143.2167122	-2.208712
70	138.905	138.905	138.906	138.905333	0.000471	141.3996256	-2.494292
71	142.055	142.055	142.059	142.056333	0.001886	143.506541	-1.450208
72	143.237	143.237	143.238	143.237333	0.000471	145.4423106	-2.204977
73	143.166	143.166	143.168	143.166667	0.000943	145.7993299	-2.632663
74	141.633	141.633	141.635	141.633667	0.000943	144.4734764	-2.839810
75	144.996	144.996	144.998	144.996667	0.000943	146.7651085	-1.768442
76	142.283	142.283	142.229	142.265000	0.025456	148.1273081	-5.862308
77	144.519	144.519	144.521	144.519667	0.000943	147.5542764	-3.034610
78	147.346	147.346	147.348	147.346667	0.000943	150.0102314	-2.663565
79	147.969	147.969	147.971	147.969667	0.000943	150.488235	-2.518568
80	146.779	146.779	146.78	146.779333	0.000471	148.7560635	-1.976730
81	149.736	149.736	149.738	149.736667	0.000943	151.242829	-1.506162
82	150.748	150.748	150.75	150.748667	0.000943	153.0555958	-2.306929
83	149.322	149.322	149.467	149.370333	0.068354	152.2945425	-2.924209
84	153.055	153.055	153.054	153.054667	0.000471	154.9738159	-1.919149
85	152.826	152.826	152.828	152.826667	0.000943	155.6296141	-2.802947
86	155.835	155.835	155.838	155.836000	0.001414	158.4318236	-2.595824
87	155.561	155.561	155.562	155.561333	0.000471	157.3874358	-1.826102
88	158.556	158.556	158.554	158.555333	0.000943	161.1907651	-2.635432
89	162.102	162.102	162.104	162.102667	0.000943	164.2018923	-2.099226
90	165.258	165.258	165.261	165.259000	0.001414	167.0804235	-1.821423
91	131.957	131.957	131.958	131.957333	0.000471	134.3390965	-2.381763
92	133.345	133.345	133.346	133.345333	0.000471	135.7840514	-2.438718
93	134.13	134.13	134.131	134.130333	0.000471	136.421809	-2.291476
94	133.897	133.897	133.898	133.897333	0.000471	136.1289305	-2.231597
95	132.955	132.955	132.956	132.955333	0.000471	134.9485049	-1.993172
96	131.367	131.367	131.368	131.367333	0.000471	133.0696931	-1.702360
97	134.534	134.534	134.536	134.534667	0.000943	136.7326121	-2.197945
98	135.462	135.462	135.463	135.462333	0.000471	137.9303926	-2.468059
99	135.858	135.858	135.859	135.858333	0.000471	138.1367951	-2.278462
100	135.165	135.165	135.166	135.165333	0.000471	137.2998071	-2.134474
101	133.659	133.659	133.661	133.659667	0.000943	135.5678671	-1.908200
102	135.816	135.816	135.817	135.816333	0.000471	137.380997	-1.564664
103	137.226	137.226	137.227	137.226333	0.000471	139.1906954	-1.964362
104	137.661	137.661	137.662	137.661333	0.000471	140.0094131	-2.348080
105	137.041	137.041	137.044	137.042000	0.001414	139.6533133	-2.611313
106	135.699	135.699	135.7	135.699333	0.000471	138.186864	-2.487531
107	137.828	137.828	137.83	137.828667	0.000943	140.1242785	-2.295612
108	139.42	139.42	139.421	139.420333	0.000471	141.6489327	-2.228599
109	139.626	139.626	139.627	139.626333	0.000471	141.9277917	-2.301458
110	138.881	138.881	138.882	138.881333	0.000471	140.8793629	-1.998030
111	140.39	140.39	140.392	140.390667	0.000943	142.9495833	-2.558917
112	141.6	141.6	141.601	141.600333	0.000471	144.012073	-2.411740
113	141.396	141.396	141.397	141.396333	0.000471	143.5717693	-2.175436
114	139.888	139.888	139.889	139.888333	0.000471	141.7256355	-1.837302
115	142.393	142.393	142.394	142.393333	0.000471	143.8099266	-1.416593
116	143.787	143.787	143.788	143.787333	0.000471	145.7719083	-1.984575
117	143.708	143.708	143.71	143.708667	0.000943	146.1498953	-2.441229
118	141.996	141.996	141.998	141.996667	0.000943	144.8156909	-2.819024
119	147.184	147.184	145.779	146.715667	0.662323	147.0612322	-0.345566
120	146.23	146.23	146.232	146.230667	0.000943	148.4592498	-2.228583
121	144.953	144.953	144.956	144.954000	0.001414	147.901684	-2.947684
122	147.708	147.708	147.71	147.708667	0.000943	150.3073148	-2.598648
123	148.561	148.561	148.563	148.561667	0.000943	150.8261426	-2.264476
124	147.475	147.475	147.476	147.475333	0.000471	149.0962122	-1.620879
125	150.094	150.094	150.096	150.094667	0.000943	151.4923192	-1.397653
126	151.205	151.205	151.206	151.205333	0.000471	153.3647368	-2.159403
127	149.634	149.634	149.542	149.603333	0.043369	152.6387738	-3.035440
128	153.812	153.812	153.813	153.812333	0.000471	155.2319517	-1.419618
129	153.376	153.376	153.379	153.377000	0.001414	155.9585273	-2.581527
130	156.635	156.635	156.637	156.635667	0.000943	158.7148814	-2.079215
131	155.976	155.976	155.978	155.976667	0.000943	157.7329055	-1.756239
132	158.909	158.909	158.912	158.910000	0.001414	161.5141834	-2.604183
133	162.498	162.498	162.5	162.498667	0.000943	164.4560397	-1.957373
134	165.88	165.88	165.882	165.880667	0.000943	167.4076711	-1.527004
135	65.8809	65.8809	65.8808	65.880867	0.000047	65.52660789	0.354259
136	63.5549	63.5549	63.5548	63.554867	0.000047	63.34521602	0.209651
137	61.7729	61.7724	61.7751	61.773467	0.001173	61.62999082	0.143476
138	60.5795	60.5892	60.5794	60.582700	0.004596	60.52284937	0.059851
139	66.2026	66.2027	66.2025	66.202600	0.000082	65.39447605	0.808124
140	63.9399	63.9399	63.9398	63.939867	0.000047	63.23408759	0.705779
141	61.989	61.989	61.9889	61.988967	0.000047	61.59721266	0.391754
142	60.7766	60.7766	60.7765	60.776567	0.000047	60.59804673	0.178520
143	56.3676	56.3676	56.3676	56.367600	0.000000	56.58758866	-0.219989
144	54.0269	54.0269	54.0269	54.026900	0.000000	54.44309056	-0.416191
145	52.1337	52.1337	52.1337	52.133700	0.000000	52.65942964	-0.525730
146	50.7216	50.7216	50.7216	50.721600	0.000000	51.3237912	-0.602191
147	56.5075	56.5075	56.5075	56.507500	0.000000	54.75783454	1.749665
148	54.124	54.124	54.124	54.124000	0.000000	52.73639471	1.387605
149	52.2552	52.2552	52.2552	52.255200	0.000000	51.13366005	1.121540
150	50.774	50.7739	50.774	50.773967	0.000047	50.02192007	0.752047
151	62.289	51.631	51.631	55.183667	5.024229	50.57947698	4.604190
152	47.1144	47.1143	47.1143	47.114333	0.000047	46.41812724	0.696206
153	45.2381	43.5343	43.5342	44.102200	0.803203	42.9588678	1.143332
154	41.0279	41.0298	41.0298	41.029167	0.000896	40.57967426	0.449492
155	51.4593	51.4592	51.4591	51.459200	0.000082	49.95139136	1.507809
156	47.0708	47.0711	47.0707	47.070867	0.000170	45.93366275	1.137204
157	43.2891	43.2899	43.2899	43.289633	0.000377	42.75867998	0.530953
158	41.0306	41.0291	41.0291	41.029600	0.000707	40.74768218	0.281918
159	41.8951	41.895	41.8951	41.895067	0.000047	41.21121337	0.683853
160	59.2836	37.7715	37.7715	44.942200	10.140901	37.40338804	7.538812
161	34.493	34.493	34.493	34.493000	0.000000	34.06872998	0.424270
162	31.7773	31.7773	31.7773	31.777300	0.000000	31.44545447	0.331846
163	42.3298	42.3298	42.3298	42.329800	0.000000	40.85198546	1.477815
164	38.4172	38.4172	38.4172	38.417200	0.000000	37.14053301	1.276667
165	35.0329	35.0329	35.0329	35.032900	0.000000	33.93693679	1.095963
166	32.2199	32.2199	32.2199	32.219900	0.000000	31.47639904	0.743501
167	45.7158	45.6803	45.6599	45.685333	0.023097	45.12844232	0.556891
168	44.204	42.161	42.1611	42.842033	0.963056	41.83783121	1.004202
169	39.1239	39.1277	39.1277	39.126433	0.001791	39.01715939	0.109274
170	40.2462	36.9103	36.9103	38.022267	1.572558	36.8487559	1.173511
171	45.7921	45.7921	45.7926	45.792267	0.000236	44.29198532	1.500281
172	42.3029	42.3029	42.3029	42.302900	0.000000	41.03506599	1.267834
173	39.2278	39.3513	39.2278	39.268967	0.058218	38.28365662	0.985310
174	36.9852	36.9852	36.9852	36.985200	0.000000	36.22260235	0.762598
175	54.7183	54.7182	54.7181	54.718200	0.000082	54.05591672	0.662283
176	50.8079	50.807	50.8069	50.807267	0.000450	50.57423046	0.233036
177	47.7084	47.7083	47.7083	47.708333	0.000047	47.80717435	-0.098841
178	45.6948	45.6947	45.6947	45.694733	0.000047	46.03069667	-0.335963
179	54.6732	54.6731	54.673	54.673100	0.000082	53.34106436	1.332036
180	50.75	50.7505	50.7498	50.750100	0.000294	49.83652428	0.913576
181	47.7166	47.7162	47.7161	47.716300	0.000216	47.10019987	0.616100
182	45.6174	45.6174	45.6173	45.617367	0.000047	45.40532382	0.212043
183	60.1097	60.1097	60.1097	60.109700	0.000000	59.75297967	0.356720
184	58.0711	58.0711	58.071	58.071067	0.000047	57.89751362	0.173553
185	56.5299	56.5299	56.5299	56.529900	0.000000	56.37149377	0.158406
186	55.4585	55.4585	55.4585	55.458500	0.000000	55.24491688	0.213583
187	60.1006	60.1006	60.1006	60.100600	0.000000	59.51573273	0.584867
188	58.2424	58.2424	58.2424	58.242400	0.000000	57.68784826	0.554552
189	56.5467	56.5467	56.5467	56.546700	0.000000	56.20816762	0.338532
190	55.3797	55.3797	55.3797	55.379700	0.000000	55.14088638	0.238814
191	69.2157	69.2154	69.2152	69.215433	0.000205	69.07414804	0.141285
192	67.2363	67.236	67.2359	67.236067	0.000170	67.30114647	-0.065080
193	65.9557	65.9554	65.9553	65.955467	0.000170	65.94648137	0.008985
194	65.0063	65.006	65.0059	65.006067	0.000170	65.10838474	-0.102318
195	69.7076	69.7073	69.7072	69.707367	0.000170	69.36177503	0.345592
196	67.7748	67.7745	67.7744	67.774567	0.000170	67.46609994	0.308467
197	66.1897	66.1894	66.1892	66.189433	0.000205	65.98512355	0.204310
198	65.0526	65.0523	65.0522	65.052367	0.000170	65.02058503	0.031782
