Spectrum t0 t0_Err L0 L0_Err L1 L1_Err E1 E1_Err theta theta_Err
3 -0.109633 0.115845 11.0336 0.000193065 0.616165 9.72872e-05 4943.07 0.0815012 131.473 0.155085
4 -0.182561 0.0714822 11.0336 0.000193065 0.603155 7.76114e-05 4940.31 0.065018 132.855 0.156572
5 0.129837 0.0509193 11.0336 0.000193065 0.586188 7.56615e-05 4937.77 0.0633845 133.927 0.169579
6 -0.158219 0.183947 11.0336 0.000193065 0.593835 8.75882e-05 4942.93 0.073376 133.788 0.127843
7 0.252249 0.106289 11.0336 0.000193065 0.590802 8.47222e-05 4943.21 0.070975 133.179 0.233726
8 -0.00894233 0.0307545 11.0336 0.000193065 0.618815 8.56627e-05 4935.15 0.0717629 131.623 0.219529
9 -0.0314561 0.0192738 11.0336 0.000193065 0.587354 7.53163e-05 4946.68 0.0630953 133.858 0.156482
10 -0.21004 0.0772454 11.0336 0.000193065 0.585348 6.63317e-05 4923.65 0.0555686 134.918 0.13537
11 -0.172947 0.121347 11.0336 0.000193065 0.574011 6.52355e-05 4930.55 0.0546503 135.653 0.170117
12 0.00726825 0.184944 11.0336 0.000193065 0.577734 6.65807e-05 4924 0.0557772 135.234 0.162237
13 -0.171486 0.0378493 11.0336 0.000193065 0.596983 7.0098e-05 4925.97 0.0587238 133.838 0.154586
14 -0.114808 0.0226849 11.0336 0.000193065 0.577667 7.95395e-05 4930.33 0.0666332 135.116 0.111144
15 -0.0188659 0.0628409 11.0336 0.000193065 0.563386 6.36163e-05 4925.54 0.0532938 136.777 0.156112
16 -0.186601 0.0306685 11.0336 0.000193065 0.559889 6.1579e-05 4925.71 0.051587 137.38 0.15346
17 -0.0284992 0.0191916 11.0336 0.000193065 0.5622 5.9029e-05 4932.32 0.0494509 136.988 0.138045
18 -0.0409748 0.062549 11.0336 0.000193065 0.573753 6.35282e-05 4932.27 0.05322 135.899 0.183515
19 -0.187318 0.063359 11.0336 0.000193065 0.558524 6.66321e-05 4938.08 0.0558203 137.001 0.152673
20 -0.122314 0.0293106 11.0336 0.000193065 0.54662 5.91024e-05 4937.49 0.0495123 138.558 0.0477435
21 -0.100908 0.0917966 11.0336 0.000193065 0.539339 6.03258e-05 4935.72 0.0505372 139.376 0.17471
22 -0.0521458 0.0894801 11.0336 0.000193065 0.545349 6.2988e-05 4937.81 0.0527674 138.797 0.198575
23 -0.154082 0.036887 11.0336 0.000193065 0.531849 6.06534e-05 4938.14 0.0508116 139.869 0.188831
24 0.0709979 0.036306 11.0336 0.000193065 0.524174 5.97071e-05 4933.68 0.0500189 141.174 0.164543
25 -0.0684934 0.0523658 11.0336 0.000193065 0.527218 5.42677e-05 4927.86 0.0454621 141.231 0.186563
26 0.0642571 0.0164564 11.0336 0.000193065 0.534576 5.58081e-05 4932.25 0.0467526 140.047 0.158215
27 -0.102721 0.0192834 11.0336 0.000193065 0.516729 6.14667e-05 4936.98 0.051493 141.868 0.162013
28 -0.0915984 0.0480299 11.0336 0.000193065 0.513755 5.46831e-05 4928 0.0458101 143.203 0.196961
29 -0.109195 0.0440165 11.0336 0.000193065 0.512589 5.14996e-05 4932.83 0.0431432 143.31 0.119359
30 -0.0158122 0.0132203 11.0336 0.000193065 0.519678 5.19381e-05 4932.25 0.0435105 142.083 0.192868
31 -0.200619 0.0292638 11.0336 0.000193065 0.503645 5.57469e-05 4930.69 0.0467013 144.7 0.180895
32 -0.02034 0.00902801 11.0336 0.000193065 0.494641 5.16115e-05 4927.26 0.0432369 145.827 0.215281
33 -0.0389947 0.00362693 11.0336 0.000193065 0.497422 5.39875e-05 4932.47 0.0452274 145.162 0.20088
34 0.0326716 0.0220853 11.0336 0.000193065 0.478648 5.36813e-05 4937.39 0.0449709 147.367 0.205143
35 -0.191889 0.0768739 11.0336 0.000193065 0.488073 4.89238e-05 4920.7 0.0409853 147.961 0.235946
36 -0.0336664 1.37488e-05 11.0336 0.000193065 0.48494 5.16567e-05 4934.13 0.0432748 147.317 0.221716
37 0.0329497 0.00603054 11.0336 0.000193065 0.467171 6.01075e-05 4938.62 0.0503544 149.608 0.168744
38 -0.0957589 0.0495124 11.0336 0.000193065 0.467939 4.66837e-05 4929.6 0.0391087 150.782 0.278974
39 0.0913752 0.0455202 11.0336 0.000193065 0.467447 4.99981e-05 4939.31 0.0418853 149.964 0.259568
40 -0.0171352 0.0122865 11.0336 0.000193065 0.453522 4.37846e-05 4933.05 0.03668 153.12 0.298933
41 -0.0295366 0.0498054 11.0336 0.000193065 0.457146 4.42832e-05 4934.54 0.0370977 153.164 0.287236
42 -0.0294787 0.0191356 11.0336 0.000193065 0.442572 4.59726e-05 4930.5 0.038513 155.998 0.284092
43 -0.179485 0.0228084 11.0336 0.000193065 0.449639 4.42014e-05 4927.93 0.0370292 155.762 0.307267
44 -0.115237 0.0330958 11.0336 0.000193065 0.423217 4.53141e-05 4936.24 0.0379614 162.366 0.405455
45 -0.0830695 0.0346559 11.0336 0.000193065 0.434729 4.72154e-05 4931.46 0.0395541 158.923 0.364221
46 0.00863372 0.00429529 11.0336 0.000193065 0.407091 5.93606e-05 4946.06 0.0497287 166.405 0.53206
47 -0.0972913 0.0989053 11.0336 0.000193065 0.609646 9.34086e-05 4946.52 0.0782519 131.904 0.123043
48 -0.0305226 0.105781 11.0336 0.000193065 0.597752 8.19024e-05 4939.65 0.0686128 133.196 0.139318
49 0.00560451 0.0483082 11.0336 0.000193065 0.588212 7.78032e-05 4931.47 0.0651787 134.009 0.123981
50 -0.129423 0.0429619 11.0336 0.000193065 0.593508 7.75993e-05 4928.62 0.0650078 133.797 0.107039
51 -0.0575315 0.121991 11.0336 0.000193065 0.599617 7.79557e-05 4939.84 0.0653065 132.973 0.203036
52 -0.0612647 0.0185732 11.0336 0.000193065 0.619185 9.63714e-05 4933.67 0.080734 131.379 0.0920034
53 -0.0796938 0.105939 11.0336 0.000193065 0.588137 7.62944e-05 4943.26 0.0639147 134.114 0.0977375
54 0.0112885 0.0371521 11.0336 0.000193065 0.574813 7.09869e-05 4938.92 0.0594684 135.356 0.16573
55 -0.117219 0.0193326 11.0336 0.000193065 0.574426 6.51224e-05 4952.23 0.0545555 136.356 4.7626
56 -0.167384 0.0235209 11.0336 0.000193065 0.580235 7.2721e-05 4926.84 0.0609212 135.025 0.115337
57 -0.24687 0.0791041 11.0336 0.000193065 0.594977 7.52439e-05 4930.83 0.0630346 133.667 0.19826
58 -0.0879728 0.0345859 11.0336 0.000193065 0.567926 7.28071e-05 4942.68 0.0609933 135.78 0.16864
59 -0.110596 0.0281712 11.0336 0.000193065 0.559136 6.49523e-05 4942.01 0.054413 137.097 0.16054
60 -0.0372299 0.0595924 11.0336 0.000193065 0.556389 6.31903e-05 4926.63 0.0529369 137.522 0.159878
61 0.0638165 0.0529537 11.0336 0.000193065 0.560103 6.56983e-05 4932.9 0.055038 136.911 0.126061
62 -0.127988 0.017168 11.0336 0.000193065 0.577076 7.5801e-05 4930.91 0.0635013 135.56 0.257321
63 -0.171573 0.00196878 11.0336 0.000193065 0.554014 6.73522e-05 4938.76 0.0564235 137.439 0.119994
64 -0.0578224 0.0353186 11.0336 0.000193065 0.536345 6.95797e-05 4936.47 0.0582895 139.255 0.199415
65 -0.158936 0.0378213 11.0336 0.000193065 0.540647 5.99868e-05 4929.93 0.0502532 139.441 0.164217
66 -0.0950048 0.129425 11.0336 0.000193065 0.546274 6.22267e-05 4927.4 0.0521297 138.718 0.147104
67 -0.0923823 0.056939 11.0336 0.000193065 0.528294 6.14146e-05 4942.63 0.0514493 140.294 0.144776
68 -0.186277 0.0213545 11.0336 0.000193065 0.526103 6.03944e-05 4934.58 0.0505947 141.394 0.158928
69 -0.125101 0.00553097 11.0336 0.000193065 0.526509 5.60204e-05 4933.98 0.0469305 141.258 0.16628
70 0.0509798 0.0358672 11.0336 0.000193065 0.532555 6.78006e-05 4934.2 0.0567991 139.973 0.136076
71 -0.130588 0.00088617 11.0336 0.000193065 0.508841 6.07877e-05 4943.76 0.0509241 142.462 0.173665
72 -0.162474 0.0513534 11.0336 0.000193065 0.506073 5.75029e-05 4934.52 0.0481724 143.633 0.181544
73 -0.00158728 0.129828 11.0336 0.000193065 0.504358 6.80524e-05 4935.03 0.0570101 143.675 0.215608
74 -0.183199 0.0782311 11.0336 0.000193065 0.52096 5.72601e-05 4930.42 0.047969 142.01 0.137027
75 -0.0712165 0.0583423 11.0336 0.000193065 0.492083 5.40577e-05 4937.11 0.0452862 145.368 0.190285
76 -0.122703 0.0186028 11.0336 0.000193065 0.493586 5.28989e-05 4928.39 0.0443154 145.992 0.18596
77 -0.0548004 0.0566571 11.0336 0.000193065 0.496165 5.50342e-05 4938.8 0.0461042 144.956 0.432666
78 -0.122047 0.0839188 11.0336 0.000193065 0.481945 5.21144e-05 4934.88 0.0436582 147.632 0.239684
79 -0.0761264 0.00031225 11.0336 0.000193065 0.477203 5.11121e-05 4933.07 0.0428186 148.527 0.242466
80 -0.159491 0.00850399 11.0336 0.000193065 0.485705 5.25221e-05 4929.55 0.0439997 147.271 0.234802
81 -0.161646 0.00739024 11.0336 0.000193065 0.467529 4.99894e-05 4936.82 0.041878 150.102 0.27387
82 -0.0280051 0.0229031 11.0336 0.000193065 0.45948 4.81183e-05 4935.69 0.0403106 151.314 0.236229
83 -0.0955184 0.0267572 11.0336 0.000193065 0.472177 4.99596e-05 4927.98 0.041853 149.754 0.313269
84 -0.119133 0.080276 11.0336 0.000193065 0.448766 4.47134e-05 4941.31 0.0374581 153.717 0.267179
85 -0.0991924 0.0431358 11.0336 0.000193065 0.45238 4.84043e-05 4931.08 0.0405501 153.436 0.250771
86 -0.164953 0.0218374 11.0336 0.000193065 0.441282 4.45792e-05 4934.18 0.0373457 156.561 0.388705
87 -0.1499 0.0316286 11.0336 0.000193065 0.44447 4.53345e-05 4930.83 0.0379785 156.021 0.300409
88 -0.189303 0.00333394 11.0336 0.000193065 0.434972 4.27969e-05 4931.08 0.0358526 158.911 0.323102
89 -0.153843 0.0216763 11.0336 0.000193065 0.41899 4.36115e-05 4940.37 0.036535 162.928 0.345678
90 -0.225601 0.0621248 11.0336 0.000193065 0.416556 4.38403e-05 4935.79 0.0367267 165.785 0.561478
91 -0.182556 0.0119308 11.0336 0.000193065 0.611741 8.1542e-05 4947.36 0.0683109 132.296 0.120483
92 -0.05787 0.0207623 11.0336 0.000193065 0.594194 7.42665e-05 4933.33 0.0622159 133.743 0.149655
93 -0.141848 0.00797768 11.0336 0.000193065 0.584561 7.61845e-05 4937.46 0.0638226 134.52 0.123051
94 -0.200432 0.117143 11.0336 0.000193065 0.589938 7.54845e-05 4929.77 0.0632362 134.285 0.140401
95 -0.117193 0.0517002 11.0336 0.000193065 0.598053 8.47355e-05 4940.57 0.0709861 133.315 0.13766
96 -0.126899 0.0396805 11.0336 0.000193065 0.619323 8.66776e-05 4943.69 0.0726131 131.69 0.10578
97 0.0770144 0.28538 11.0336 0.000193065 0.585253 0.000298532 4935.88 0.250091 134.92 0.156465
98 -0.201085 0.0514526 11.0336 0.000193065 0.571936 6.41498e-05 4931.45 0.0537407 135.881 0.148119
99 -0.188617 0.0696385 11.0336 0.000193065 0.568832 6.11695e-05 4933.71 0.051244 136.248 0.141308
100 -0.220183 0.0329271 11.0336 0.000193065 0.584438 7.38306e-05 4926.84 0.0618507 135.362 0.179349
101 -0.11986 0.0150451 11.0336 0.000193065 0.587766 7.16663e-05 4941.98 0.0600376 134.153 0.13238
102 -0.0812284 0.122472 11.0336 0.000193065 0.565664 7.78178e-05 4941.23 0.065191 136.249 0.159213
103 -0.188764 0.0719016 11.0336 0.000193065 0.559579 6.27954e-05 4933.34 0.0526061 137.571 0.157591
104 -0.204031 0.0155703 11.0336 0.000193065 0.555097 5.99516e-05 4932.49 0.0502237 138.004 0.188859
105 -0.185763 0.0697236 11.0336 0.000193065 0.563826 6.57381e-05 4924 0.0550713 137.229 0.146414
106 0.0515727 0.124573 11.0336 0.000193065 0.566082 7.02267e-05 4922.11 0.0588316 136.095 0.147327
107 -0.133934 0.0273352 11.0336 0.000193065 0.551363 6.87591e-05 4940.89 0.0576021 138.069 0.144506
108 -0.157458 0.109673 11.0336 0.000193065 0.536979 7.93035e-05 4934.68 0.0664355 139.52 0.397132
109 -0.228844 0.018467 11.0336 0.000193065 0.537449 6.51451e-05 4931.69 0.0545745 140.014 0.142893
110 -0.135526 0.0261563 11.0336 0.000193065 0.544803 5.87489e-05 4932.31 0.0492162 139.154 0.153104
111 -0.246009 0.0311755 11.0336 0.000193065 0.53175 5.85139e-05 4935.54 0.0490194 140.756 0.244788
112 -0.232058 0.095469 11.0336 0.000193065 0.52666 6.17768e-05 4925.31 0.0517528 141.969 0.245042
113 -0.186214 0.0262142 11.0336 0.000193065 0.522564 5.91207e-05 4932.18 0.0495277 141.861 0.149763
114 -0.201584 0.0374653 11.0336 0.000193065 0.535164 5.54893e-05 4930.84 0.0464855 140.235 0.260761
115 -0.143208 0.0642539 11.0336 0.000193065 0.513425 6.6491e-05 4937.16 0.055702 142.914 0.233964
116 -0.237827 0.0106333 11.0336 0.000193065 0.510784 6.08561e-05 4926.55 0.0509814 144.025 0.0498884
117 -0.137136 0.0784261 11.0336 0.000193065 0.504031 7.18576e-05 4937.74 0.0601978 144.185 0.195609
118 -0.141544 0.0418667 11.0336 0.000193065 0.517419 5.61246e-05 4935.99 0.0470178 142.333 0.159195
119 -0.155589 0.0796038 11.0336 0.000193065 0.489621 5.45304e-05 5110.82 0.0456822 146.106 0.208322
120 -0.165182 0.0259569 11.0336 0.000193065 0.496977 5.45767e-05 4924.63 0.045721 146.475 0.230571
121 -0.102905 0.115699 11.0336 0.000193065 0.498034 5.74012e-05 4931.54 0.0480872 145.464 0.164088
122 -0.166356 0.0257018 11.0336 0.000193065 0.483646 5.32642e-05 4933.7 0.0446214 148.159 0.19623
123 -0.192598 0.00848407 11.0336 0.000193065 0.480249 5.18417e-05 4930.85 0.0434297 148.971 0.224056
124 -0.157013 0.0433965 11.0336 0.000193065 0.485047 5.16006e-05 4930.27 0.0432278 147.759 0.214257
125 -0.162936 0.014093 11.0336 0.000193065 0.467773 5.12446e-05 4939.96 0.0429296 150.716 0.251195
126 -0.103773 0.000902972 11.0336 0.000193065 0.467937 5.25512e-05 4928.01 0.0440241 151.508 0.239893
127 -0.12677 0.0938667 11.0336 0.000193065 0.472057 5.26143e-05 4933.61 0.044077 150.096 0.203127
128 -0.154329 0.0628953 11.0336 0.000193065 0.453139 4.75673e-05 4934.04 0.0398489 154.134 0.262719
129 -0.122273 0.0563557 11.0336 0.000193065 0.452854 4.48782e-05 4937.63 0.0375961 154.012 0.261091
130 -0.0841613 0.0323398 11.0336 0.000193065 0.438333 5.39444e-05 4938.91 0.0451913 157.33 0.294134
131 -0.0977062 0.0594166 11.0336 0.000193065 0.439851 5.56531e-05 4936.63 0.0466227 156.546 0.250442
132 -0.130501 0.0464979 11.0336 0.000193065 0.430305 4.75296e-05 4939.69 0.0398173 159.773 0.368149
133 -0.170889 0.0146431 11.0336 0.000193065 0.420652 4.80733e-05 4937.3 0.0402728 163.56 0.419165
134 -0.150334 0.0481898 11.0336 0.000193065 0.410077 5.33586e-05 4941.13 0.0447006 167.035 0.471795
135 -0.668897 0.00405605 11.0336 0.000193065 0.520298 6.27806e-05 4916.32 0.0525937 66.2357 0.0625211
136 -0.668897 0.00405605 11.0336 0.000193065 0.508358 6.01889e-05 4916.02 0.0504225 63.8177 0.0361077
137 -0.668897 0.00405605 11.0336 0.000193065 0.499124 6.1075e-05 4921.32 0.0511648 62.2075 0.110536
138 -0.668897 0.00405605 11.0336 0.000193065 0.510931 6.18904e-05 4913.94 0.051848 60.8882 0.0382788
139 -0.668897 0.00405605 11.0336 0.000193065 0.514398 6.79073e-05 4920.17 0.0568885 66.5695 0.145309
140 -0.668897 0.00405605 11.0336 0.000193065 0.505801 7.08682e-05 4916.15 0.059369 64.2127 0.0557682
141 -0.668897 0.00405605 11.0336 0.000193065 0.502367 5.66991e-05 4916.6 0.047499 62.2985 0.063681
142 -0.668897 0.00405605 11.0336 0.000193065 0.512368 7.24439e-05 4912.66 0.060689 61.0296 0.0770279
143 -0.668897 0.00405605 11.0336 0.000193065 0.731796 0.000103421 4909.7 0.0866398 56.5386 0.0505321
144 -0.668897 0.00405605 11.0336 0.000193065 0.720229 0.000103827 4917.38 0.0869794 54.2271 0.0463846
145 -0.668897 0.00405605 11.0336 0.000193065 0.717308 0.000107284 4917.06 0.0898757 52.3519 0.0778827
146 -0.668897 0.00405605 11.0336 0.000193065 0.720359 0.000122076 4919.87 0.102268 50.9194 0.0370002
147 -0.668897 0.00405605 11.0336 0.000193065 0.731833 0.000113886 4917.55 0.0954063 56.5677 0.163819
148 -0.668897 0.00405605 11.0336 0.000193065 0.721485 0.000116567 4914.4 0.0976526 54.3797 0.19232
149 -0.668897 0.00405605 11.0336 0.000193065 0.720473 0.000102852 4915.33 0.0861628 52.5406 0.0654089
150 -0.668897 0.00405605 11.0336 0.000193065 0.72503 0.000114316 4913.02 0.095767 51.0031 0.0333695
151 -0.668897 0.00405605 11.0336 0.000193065 0.512175 6.01304e-05 4923.12 0.0503735 51.9468 0.199548
152 -0.668897 0.00405605 11.0336 0.000193065 0.502052 5.91889e-05 4921.3 0.0495848 47.1177 0.261612
153 -0.668897 0.00405605 11.0336 0.000193065 0.498581 5.44042e-05 4919.77 0.0455765 43.8764 0.175693
154 -0.668897 0.00405605 11.0336 0.000193065 0.507663 6.47926e-05 4919.53 0.0542792 41.2697 0.120978
155 -0.668897 0.00405605 11.0336 0.000193065 0.516373 6.73312e-05 4917.6 0.0564059 51.6977 0.191051
156 -0.668897 0.00405605 11.0336 0.000193065 0.501149 5.79965e-05 4917.11 0.0485859 47.188 0.155731
157 -0.668897 0.00405605 11.0336 0.000193065 0.501008 5.92451e-05 4917.82 0.0496319 43.5989 0.274027
158 -0.668897 0.00405605 11.0336 0.000193065 0.506219 6.57419e-05 4918.81 0.0550745 41.1734 0.136108
159 -0.668897 0.00405605 11.0336 0.000193065 0.718571 9.67844e-05 4919.69 0.08108 42.1314 0.203174
160 -0.668897 0.00405605 11.0336 0.000193065 0.709957 0.000108342 4923.05 0.0907625 38.0086 0.211082
161 -0.668897 0.00405605 11.0336 0.000193065 0.711657 0.000108385 4917.69 0.0907979 36.5439 2.77667
162 -0.668897 0.00405605 11.0336 0.000193065 0.717182 0.000109352 4917.67 0.0916079 31.9551 0.11706
163 -0.668897 0.00405605 11.0336 0.000193065 0.724296 0.000117637 4911.96 0.0985486 42.4559 0.0785806
164 -0.668897 0.00405605 11.0336 0.000193065 0.719088 0.000105772 4913.31 0.0886088 38.8168 0.0429546
165 -0.668897 0.00405605 11.0336 0.000193065 0.714447 0.00010766 4913.43 0.0901911 34.8766 0.290174
166 -0.668897 0.00405605 11.0336 0.000193065 0.71722 0.000108166 4917.56 0.090615 32.4826 0.0555051
167 -0.668897 0.00405605 11.0336 0.000193065 0.716662 0.000104465 4920.37 0.0875142 45.8262 0.161936
168 -0.668897 0.00405605 11.0336 0.000193065 0.706862 0.000102258 4918.61 0.0856658 42.2904 0.135658
169 -0.668897 0.00405605 11.0336 0.000193065 0.709073 9.49273e-05 4914.91 0.0795242 39.3089 0.143229
170 -0.668897 0.00405605 11.0336 0.000193065 0.709542 0.000104258 4921.98 0.0873406 36.9576 0.0706183
171 -0.668897 0.00405605 11.0336 0.000193065 0.721555 0.000120187 4929.26 0.100685 45.9002 0.143924
172 -0.668897 0.00405605 11.0336 0.000193065 0.711248 0.000137704 4919.88 0.11536 42.5119 0.126497
173 -0.668897 0.00405605 11.0336 0.000193065 0.71583 0.00203583 4909.25 1.70549 37.3982 2.95107
174 -0.668897 0.00405605 11.0336 0.000193065 0.716482 0.000446789 4919.1 0.374292 37.0862 0.0880457
175 -0.668897 0.00405605 11.0336 0.000193065 0.508824 5.90274e-05 4917.97 0.0494495 54.9731 0.148231
176 -0.668897 0.00405605 11.0336 0.000193065 0.496706 5.49484e-05 4916.81 0.0460323 50.9669 0.119772
177 -0.668897 0.00405605 11.0336 0.000193065 0.495998 5.56671e-05 4915.98 0.0466344 47.9224 0.166815
178 -0.668897 0.00405605 11.0336 0.000193065 0.499507 6.114e-05 4919.41 0.0512193 45.9024 0.108879
179 -0.668897 0.00405605 11.0336 0.000193065 0.513711 6.50535e-05 4917.82 0.0544978 54.7959 0.0534095
180 -0.668897 0.00405605 11.0336 0.000193065 0.497897 6.73715e-05 4919.84 0.0564397 51.1222 0.18748
181 -0.668897 0.00405605 11.0336 0.000193065 0.470754 0.00030238 4940.23 0.253315 47.9334 0.130068
182 -0.668897 0.00405605 11.0336 0.000193065 0.503096 0.000110803 4917.49 0.0928243 45.8529 0.139722
183 -0.668897 0.00405605 11.0336 0.000193065 0.732451 0.000108868 4914.1 0.0912032 60.2903 0.0607017
184 -0.668897 0.00405605 11.0336 0.000193065 0.721185 0.000105336 4912.64 0.0882437 58.2766 0.104714
185 -0.668897 0.00405605 11.0336 0.000193065 0.721579 0.000101505 4912.4 0.085035 56.6631 0.0545993
186 -0.668897 0.00405605 11.0336 0.000193065 0.727749 0.000108947 4908.74 0.0912687 55.5153 0.0429372
187 -0.668897 0.00405605 11.0336 0.000193065 0.731275 0.000128513 4916.17 0.10766 60.2942 0.0634341
188 -0.668897 0.00405605 11.0336 0.000193065 0.713803 0.000129072 4924.77 0.108129 58.3538 0.0485522
189 -0.668897 0.00405605 11.0336 0.000193065 0.713213 0.000118103 4921.42 0.0989395 56.7602 0.0477495
190 -0.668897 0.00405605 11.0336 0.000193065 0.717156 0.000131977 4920.54 0.110562 55.5548 0.0412277
191 -0.668897 0.00405605 11.0336 0.000193065 0.517654 7.00793e-05 4916.44 0.0587081 69.5535 0.164554
192 -0.668897 0.00405605 11.0336 0.000193065 0.501533 5.79869e-05 4917.71 0.0485778 67.6571 0.0684779
193 -0.668897 0.00405605 11.0336 0.000193065 0.502909 6.18244e-05 4913.21 0.0517926 66.1378 0.0369942
194 -0.668897 0.00405605 11.0336 0.000193065 0.509534 6.78581e-05 4917.04 0.0568473 65.0892 0.119872
195 -0.668897 0.00405605 11.0336 0.000193065 0.523 6.8995e-05 4921.01 0.0577997 70.0306 0.0963085
196 -0.668897 0.00405605 11.0336 0.000193065 0.510308 6.09158e-05 4919.41 0.0510315 67.9005 0.0241394
197 -0.668897 0.00405605 11.0336 0.000193065 0.50784 6.23499e-05 4915.11 0.0522329 66.447 0.0903639
198 -0.668897 0.00405605 11.0336 0.000193065 0.5126 6.61553e-05 4916.48 0.0554208 65.2748 0.048103
