Spectrum t0 t0_Err L0 L0_Err L1 L1_Err E1 E1_Err theta theta_Err
3 -0.109633 0.115845 11.0336 0.000193065 0.62853 0.000146753 4932.71 0.122941 131.233 0.408832
4 -0.182561 0.0714822 11.0336 0.000193065 0.614006 0.000120897 4931.22 0.10128 132.801 0.347851
5 0.129837 0.0509193 11.0336 0.000193065 0.592782 0.00011709 4932.25 0.0980905 133.866 0.415038
6 -0.158219 0.183947 11.0336 0.000193065 0.599804 0.000140727 4937.93 0.117892 133.759 0.434603
7 0.252249 0.106289 11.0336 0.000193065 0.598005 0.000133376 4937.17 0.111734 133.178 0.417912
8 -0.00894233 0.0307545 11.0336 0.000193065 0.6301 0.000144742 4925.7 0.121256 131.55 0.360022
9 -0.0314561 0.0192738 11.0336 0.000193065 0.592953 0.000123753 4941.99 0.103672 133.822 0.448682
10 -0.21004 0.0772454 11.0336 0.000193065 0.590394 0.00010479 4919.42 0.0877862 134.861 0.422868
11 -0.172947 0.121347 11.0336 0.000193065 0.586531 9.93548e-05 4920.06 0.0832333 134.987 0.239359
12 0.00726825 0.184944 11.0336 0.000193065 0.582065 0.000109961 4920.37 0.0921185 135.143 0.417339
13 -0.171486 0.0378493 11.0336 0.000193065 0.609764 0.000109252 4915.26 0.0915249 133.636 0.452491
14 -0.114808 0.0226849 11.0336 0.000193065 0.585928 0.000121064 4923.41 0.10142 135.066 0.385644
15 -0.0188659 0.0628409 11.0336 0.000193065 0.566186 0.000101363 4923.2 0.0849153 136.816 0.410104
16 -0.186601 0.0306685 11.0336 0.000193065 0.567309 0.000120916 4919.49 0.101296 137.162 0.537682
17 -0.0284992 0.0191916 11.0336 0.000193065 0.564074 8.88292e-05 4930.75 0.0744156 136.998 0.449398
18 -0.0409748 0.062549 11.0336 0.000193065 0.577383 9.85362e-05 4929.23 0.0825475 135.775 0.510467
19 -0.187318 0.063359 11.0336 0.000193065 0.567247 0.000106976 4930.77 0.0896177 136.87 0.448939
20 -0.122314 0.0293106 11.0336 0.000193065 0.55403 9.29487e-05 4931.29 0.0778667 138.564 0.42617
21 -0.100908 0.0917966 11.0336 0.000193065 0.547742 9.27204e-05 4928.68 0.0776754 139.099 0.0887208
22 -0.0521458 0.0894801 11.0336 0.000193065 0.555636 0.000100801 4929.19 0.0844448 138.463 0.557217
23 -0.154082 0.036887 11.0336 0.000193065 0.541103 9.83767e-05 4930.39 0.0824139 139.671 0.450279
24 0.0709979 0.036306 11.0336 0.000193065 0.527812 9.70567e-05 4930.63 0.0813081 141.204 0.494243
25 -0.0684934 0.0523658 11.0336 0.000193065 0.534751 8.81294e-05 4921.55 0.0738294 141.083 0.507918
26 0.0642571 0.0164564 11.0336 0.000193065 0.535934 9.11761e-05 4931.12 0.0763817 138.258 3.11415
27 -0.102721 0.0192834 11.0336 0.000193065 0.527793 9.74628e-05 4927.72 0.0816483 141.705 0.372882
28 -0.0915984 0.0480299 11.0336 0.000193065 0.516997 8.84032e-05 4925.28 0.0740587 143.066 0.57813
29 -0.109195 0.0440165 11.0336 0.000193065 0.518718 8.17333e-05 4927.7 0.0684711 143.331 0.423485
30 -0.0158122 0.0132203 11.0336 0.000193065 0.526018 8.28655e-05 4926.94 0.0694196 141.998 0.450042
31 -0.200619 0.0292638 11.0336 0.000193065 0.510496 8.52311e-05 4924.95 0.0714013 144.631 0.454796
32 -0.02034 0.00902801 11.0336 0.000193065 0.502668 8.49439e-05 4920.53 0.0711607 142.151 5.38096
33 -0.0389947 0.00362693 11.0336 0.000193065 0.503864 8.81325e-05 4927.07 0.0738319 145.029 0.588592
34 0.0326716 0.0220853 11.0336 0.000193065 0.488213 8.60406e-05 4929.37 0.0720795 147.227 0.52305
35 -0.191889 0.0768739 11.0336 0.000193065 0.493968 7.96459e-05 4915.76 0.0667224 147.895 0.561337
36 -0.0336664 1.37488e-05 11.0336 0.000193065 0.489178 9.32892e-05 4930.58 0.0781519 147.2 0.622727
37 0.0329497 0.00603054 11.0336 0.000193065 0.476628 9.73224e-05 4930.7 0.0815307 149.266 0.619139
38 -0.0957589 0.0495124 11.0336 0.000193065 0.476378 7.39372e-05 4922.53 0.06194 150.588 0.606458
39 0.0913752 0.0455202 11.0336 0.000193065 0.479256 8.10522e-05 4929.42 0.0679005 149.661 0.563585
40 -0.0171352 0.0122865 11.0336 0.000193065 0.460997 6.96096e-05 4926.79 0.0583146 152.998 0.688637
41 -0.0295366 0.0498054 11.0336 0.000193065 0.462726 7.10371e-05 4929.87 0.0595104 144.896 14.4107
42 -0.0294787 0.0191356 11.0336 0.000193065 0.448837 7.24264e-05 4925.25 0.0606744 147.984 14.1658
43 -0.179485 0.0228084 11.0336 0.000193065 0.455668 7.01586e-05 4922.88 0.0587745 145.945 17.1876
44 -0.115237 0.0330958 11.0336 0.000193065 0.429566 7.05867e-05 4930.92 0.0591331 162.23 1.00306
45 -0.0830695 0.0346559 11.0336 0.000193065 0.442489 7.6079e-05 4924.95 0.0637342 158.528 0.978221
46 0.00863372 0.00429529 11.0336 0.000193065 0.413163 9.07649e-05 4940.98 0.0760372 165.451 1.57654
47 -0.0972913 0.0989053 11.0336 0.000193065 0.624011 0.000152336 4934.49 0.127618 131.717 0.470495
48 -0.0305226 0.105781 11.0336 0.000193065 0.602153 0.000131727 4935.96 0.110353 133.191 0.454095
49 0.00560451 0.0483082 11.0336 0.000193065 0.598603 0.000123647 4922.76 0.103584 131.143 4.8621
50 -0.129423 0.0429619 11.0336 0.000193065 0.599028 0.000122969 4924 0.103015 133.579 0.534341
51 -0.0575315 0.121991 11.0336 0.000193065 0.604498 0.00012952 4935.75 0.108504 132.656 0.206286
52 -0.0612647 0.0185732 11.0336 0.000193065 0.630016 0.000158379 4924.6 0.13268 131.177 0.450237
53 -0.0796938 0.105939 11.0336 0.000193065 0.591621 0.000127503 4940.34 0.106814 134.151 0.31955
54 0.0112885 0.0371521 11.0336 0.000193065 0.576831 0.000114272 4937.23 0.0957301 135.255 0.0922942
55 -0.117219 0.0193326 11.0336 0.000193065 0.579566 0.000102522 4947.93 0.0858866 136.066 0.576052
56 -0.167384 0.0235209 11.0336 0.000193065 0.583896 0.000118405 4923.78 0.0991925 130.018 8.81135
57 -0.24687 0.0791041 11.0336 0.000193065 0.601277 0.000118063 4925.55 0.0989061 133.672 0.351086
58 -0.0879728 0.0345859 11.0336 0.000193065 0.577928 0.000115196 4934.3 0.0965044 135.652 0.394916
59 -0.110596 0.0281712 11.0336 0.000193065 0.565998 0.000103784 4936.26 0.086944 136.958 0.485544
60 -0.0372299 0.0595924 11.0336 0.000193065 0.56663 9.94021e-05 4918.05 0.0832729 137.313 0.280477
61 0.0638165 0.0529537 11.0336 0.000193065 0.56381 0.000106564 4929.8 0.0892729 136.721 0.548364
62 -0.127988 0.017168 11.0336 0.000193065 0.583318 0.000122706 4925.68 0.102796 136.797 2.04159
63 -0.171573 0.00196878 11.0336 0.000193065 0.560096 0.000107859 4933.66 0.0903575 137.347 0.500977
64 -0.0578224 0.0353186 11.0336 0.000193065 0.54154 0.000116383 4932.12 0.0974983 139.09 0.583072
65 -0.158936 0.0378213 11.0336 0.000193065 0.550644 0.000109937 4921.56 0.0920984 139.354 0.503882
66 -0.0950048 0.129425 11.0336 0.000193065 0.553131 9.68778e-05 4921.65 0.0811582 138.622 0.481272
67 -0.0923823 0.056939 11.0336 0.000193065 0.536492 9.66589e-05 4935.76 0.0809749 140.06 0.521088
68 -0.186277 0.0213545 11.0336 0.000193065 0.533937 9.37214e-05 4928.01 0.078514 141.295 0.429989
69 -0.125101 0.00553097 11.0336 0.000193065 0.532483 8.95983e-05 4928.98 0.0750599 141.245 0.441007
70 0.0509798 0.0358672 11.0336 0.000193065 0.534817 0.000253465 4932.3 0.212337 139.617 0.333254
71 -0.130588 0.00088617 11.0336 0.000193065 0.5193 9.21911e-05 4935 0.077232 142.298 0.542276
72 -0.162474 0.0513534 11.0336 0.000193065 0.512876 9.19062e-05 4928.82 0.0769933 143.38 0.602192
73 -0.00158728 0.129828 11.0336 0.000193065 0.513734 0.000110679 4927.18 0.0927202 143.2 0.578215
74 -0.183199 0.0782311 11.0336 0.000193065 0.528698 9.22568e-05 4923.94 0.077287 141.635 0.54849
75 -0.0712165 0.0583423 11.0336 0.000193065 0.498229 8.69965e-05 4931.96 0.0728803 145.176 0.613146
76 -0.122703 0.0186028 11.0336 0.000193065 0.500898 8.74755e-05 4922.27 0.0732816 145.977 0.5625
77 -0.0548004 0.0566571 11.0336 0.000193065 0.505346 8.8424e-05 4931.11 0.0740762 145.035 0.404758
78 -0.122047 0.0839188 11.0336 0.000193065 0.483351 8.34016e-05 4933.7 0.0698687 147.597 0.637781
79 -0.0761264 0.00031225 11.0336 0.000193065 0.48239 7.911e-05 4928.72 0.0662735 148.606 0.511875
80 -0.159491 0.00850399 11.0336 0.000193065 0.491968 8.32326e-05 4924.3 0.0697271 147.093 0.607673
81 -0.161646 0.00739024 11.0336 0.000193065 0.472208 8.03605e-05 4932.9 0.0673211 149.698 0.251401
82 -0.0280051 0.0229031 11.0336 0.000193065 0.465628 7.67487e-05 4930.53 0.0642953 151.242 0.562983
83 -0.0955184 0.0267572 11.0336 0.000193065 0.474008 8.10516e-05 4926.45 0.0679 149.691 0.676519
84 -0.119133 0.080276 11.0336 0.000193065 0.455001 7.15381e-05 4936.09 0.0599302 153.636 0.657431
85 -0.0991924 0.0431358 11.0336 0.000193065 0.460308 7.69209e-05 4924.44 0.0644396 153.267 0.66035
86 -0.164953 0.0218374 11.0336 0.000193065 0.446681 7.01786e-05 4929.65 0.0587913 156.518 0.638673
87 -0.1499 0.0316286 11.0336 0.000193065 0.451746 7.33535e-05 4924.74 0.061451 155.821 0.84159
88 -0.189303 0.00333394 11.0336 0.000193065 0.439756 6.72533e-05 4927.08 0.0563407 158.921 0.73697
89 -0.153843 0.0216763 11.0336 0.000193065 0.428118 6.83869e-05 4932.72 0.0572903 162.617 0.900858
90 -0.225601 0.0621248 11.0336 0.000193065 0.425139 7.16476e-05 4928.6 0.0600219 165.356 1.35442
91 -0.182556 0.0119308 11.0336 0.000193065 0.623441 0.000129756 4937.56 0.108702 132.243 0.362012
92 -0.05787 0.0207623 11.0336 0.000193065 0.597694 0.000116818 4930.4 0.0978626 133.603 0.471853
93 -0.141848 0.00797768 11.0336 0.000193065 0.595749 0.000125876 4928.09 0.105451 132.82 2.71471
94 -0.200432 0.117143 11.0336 0.000193065 0.603288 0.000123265 4918.59 0.103264 134.027 0.48507
95 -0.117193 0.0517002 11.0336 0.000193065 0.604984 0.000129842 4934.76 0.108773 133.117 0.0659425
96 -0.126899 0.0396805 11.0336 0.000193065 0.627779 0.000137541 4936.61 0.115223 131.639 0.398742
97 0.0770144 0.28538 11.0336 0.000193065 0.584156 0.000199318 4936.79 0.166977 134.431 0.744137
98 -0.201085 0.0514526 11.0336 0.000193065 0.583054 0.000101295 4922.14 0.084859 135.49 0.589819
99 -0.188617 0.0696385 11.0336 0.000193065 0.578578 9.59612e-05 4925.55 0.0803904 136.179 0.386116
100 -0.220183 0.0329271 11.0336 0.000193065 0.580381 0.000120569 4930.24 0.101005 135.679 0.375789
101 -0.11986 0.0150451 11.0336 0.000193065 0.60093 0.000118092 4930.95 0.0989302 133.839 0.515297
102 -0.0812284 0.122472 11.0336 0.000193065 0.575803 0.000117834 4932.73 0.098714 136.169 0.456457
103 -0.188764 0.0719016 11.0336 0.000193065 0.563769 0.000102104 4929.83 0.0855366 137.508 0.566383
104 -0.204031 0.0155703 11.0336 0.000193065 0.559663 9.5808e-05 4928.66 0.080262 137.937 0.600032
105 -0.185763 0.0697236 11.0336 0.000193065 0.570492 0.000105534 4918.42 0.0884096 137.16 0.529109
106 0.0515727 0.124573 11.0336 0.000193065 0.569778 0.000107939 4919.02 0.0904243 136.321 0.36988
107 -0.133934 0.0273352 11.0336 0.000193065 0.562703 0.000105663 4931.39 0.0885179 137.835 0.589783
108 -0.157458 0.109673 11.0336 0.000193065 0.540224 0.000123057 4931.96 0.103089 139.555 0.629383
109 -0.228844 0.018467 11.0336 0.000193065 0.545364 9.96254e-05 4925.06 0.08346 139.804 0.565139
110 -0.135526 0.0261563 11.0336 0.000193065 0.550682 9.44857e-05 4927.39 0.0791543 139.229 0.399444
111 -0.246009 0.0311755 11.0336 0.000193065 0.539693 9.29908e-05 4928.89 0.0779019 140.769 0.406002
112 -0.232058 0.095469 11.0336 0.000193065 0.528501 9.94461e-05 4923.77 0.0833098 141.737 0.662801
113 -0.186214 0.0262142 11.0336 0.000193065 0.532526 9.43256e-05 4923.83 0.0790201 141.732 0.484834
114 -0.201584 0.0374653 11.0336 0.000193065 0.534326 8.82551e-05 4931.54 0.0739346 140.458 0.382705
115 -0.143208 0.0642539 11.0336 0.000193065 0.521183 0.000102488 4930.66 0.0858585 142.536 0.694711
116 -0.237827 0.0106333 11.0336 0.000193065 0.517843 9.51913e-05 4920.64 0.0797453 143.885 0.632609
117 -0.137136 0.0784261 11.0336 0.000193065 0.508446 0.000110017 4934.04 0.0921651 144.118 0.686076
118 -0.141544 0.0418667 11.0336 0.000193065 0.524813 8.84955e-05 4929.79 0.074136 142.251 0.479356
119 -0.155589 0.0796038 11.0336 0.000193065 0.493064 9.05294e-05 5107.94 0.0758399 139.449 11.8687
120 -0.165182 0.0259569 11.0336 0.000193065 0.503379 8.47257e-05 4919.27 0.0709779 146.421 0.530333
121 -0.102905 0.115699 11.0336 0.000193065 0.505327 9.12525e-05 4925.43 0.0764457 145.298 0.632102
122 -0.166356 0.0257018 11.0336 0.000193065 0.491794 8.52425e-05 4926.88 0.0714109 147.866 0.776608
123 -0.192598 0.00848407 11.0336 0.000193065 0.487555 8.24226e-05 4924.73 0.0690486 148.887 0.492216
124 -0.157013 0.0433965 11.0336 0.000193065 0.493861 8.1739e-05 4922.88 0.0684759 147.45 0.67702
125 -0.162936 0.014093 11.0336 0.000193065 0.476085 8.00704e-05 4933 0.067078 150.337 0.873251
126 -0.103773 0.000902972 11.0336 0.000193065 0.473258 7.99216e-05 4923.56 0.0669533 150.382 0.0031421
127 -0.12677 0.0938667 11.0336 0.000193065 0.478207 8.0468e-05 4928.46 0.0674111 149.903 0.713347
128 -0.154329 0.0628953 11.0336 0.000193065 0.46296 7.46424e-05 4925.82 0.0625308 154.012 0.675349
129 -0.122273 0.0563557 11.0336 0.000193065 0.460309 6.9773e-05 4931.39 0.0584515 153.778 0.67919
130 -0.0841613 0.0323398 11.0336 0.000193065 0.445751 8.85676e-05 4932.69 0.0741964 156.971 1.06264
131 -0.0977062 0.0594166 11.0336 0.000193065 0.448139 8.84085e-05 4929.69 0.0740632 155.999 0.997965
132 -0.130501 0.0464979 11.0336 0.000193065 0.440475 7.53392e-05 4931.17 0.0631145 159.48 0.841377
133 -0.170889 0.0146431 11.0336 0.000193065 0.42533 7.84373e-05 4933.38 0.0657099 163.194 1.32166
134 -0.150334 0.0481898 11.0336 0.000193065 0.420718 8.62128e-05 4932.22 0.0722238 166.163 1.66587
135 -0.668897 0.00405605 11.0336 0.000193065 0.521109 0.00010036 4915.64 0.0840753 66.224 0.139753
136 -0.668897 0.00405605 11.0336 0.000193065 0.508339 9.49171e-05 4916.03 0.0795157 63.8215 0.094673
137 -0.668897 0.00405605 11.0336 0.000193065 0.508448 0.000103988 4913.51 0.087115 62.1076 0.139928
138 -0.668897 0.00405605 11.0336 0.000193065 0.516483 9.70196e-05 4909.29 0.081277 60.8188 0.082885
139 -0.668897 0.00405605 11.0336 0.000193065 0.52145 0.000108867 4914.26 0.0912019 66.5343 0.175812
140 -0.668897 0.00405605 11.0336 0.000193065 0.510897 0.000113086 4911.88 0.0947367 64.1068 0.105601
141 -0.668897 0.00405605 11.0336 0.000193065 0.50857 9.36259e-05 4911.4 0.078434 62.2968 0.153816
142 -0.668897 0.00405605 11.0336 0.000193065 0.512045 0.000112497 4912.93 0.094243 61.0655 0.132127
143 -0.668897 0.00405605 11.0336 0.000193065 0.728012 0.000167512 4912.87 0.140331 56.5028 0.113767
144 -0.668897 0.00405605 11.0336 0.000193065 0.725916 0.000169534 4912.62 0.142025 54.1323 0.0677146
145 -0.668897 0.00405605 11.0336 0.000193065 0.730577 0.000186581 4905.95 0.156306 52.1665 0.0990473
146 -0.668897 0.00405605 11.0336 0.000193065 0.738767 0.000218224 4904.45 0.182814 50.8146 0.0670221
147 -0.668897 0.00405605 11.0336 0.000193065 0.732365 0.000191989 4917.1 0.160837 56.6302 0.108812
148 -0.668897 0.00405605 11.0336 0.000193065 0.724087 0.000167973 4912.22 0.140717 54.2814 0.0991787
149 -0.668897 0.00405605 11.0336 0.000193065 0.718831 0.00016202 4916.71 0.13573 52.3674 0.0215801
150 -0.668897 0.00405605 11.0336 0.000193065 0.718892 0.000165789 4918.17 0.138888 50.9762 0.0256867
151 -0.668897 0.00405605 11.0336 0.000193065 0.520223 9.74679e-05 4916.38 0.0816525 51.9257 0.296723
152 -0.668897 0.00405605 11.0336 0.000193065 0.50684 9.34676e-05 4917.29 0.0783014 47.375 0.334541
153 -0.668897 0.00405605 11.0336 0.000193065 0.504711 8.71498e-05 4914.63 0.0730087 43.8074 0.208363
154 -0.668897 0.00405605 11.0336 0.000193065 0.510688 0.000103 4917 0.0862874 41.2163 0.187849
155 -0.668897 0.00405605 11.0336 0.000193065 0.51894 0.000116488 4915.45 0.0975862 51.7149 0.163579
156 -0.668897 0.00405605 11.0336 0.000193065 0.507509 9.22503e-05 4911.79 0.0772816 47.3212 0.161195
157 -0.668897 0.00405605 11.0336 0.000193065 0.50639 8.91391e-05 4913.31 0.0746752 43.5032 0.16682
158 -0.668897 0.00405605 11.0336 0.000193065 0.507081 0.000101674 4918.09 0.0851766 41.2513 0.219983
159 -0.668897 0.00405605 11.0336 0.000193065 0.723313 0.000165375 4915.72 0.138541 41.997 0.20492
160 -0.668897 0.00405605 11.0336 0.000193065 0.719133 0.000166361 4915.37 0.139367 37.852 0.240185
161 -0.668897 0.00405605 11.0336 0.000193065 0.711168 0.000171821 4918.1 0.143941 34.4613 1.23665
162 -0.668897 0.00405605 11.0336 0.000193065 0.723573 0.000160622 4912.32 0.134559 31.8552 0.139981
163 -0.668897 0.00405605 11.0336 0.000193065 0.738023 0.000210768 4900.46 0.176568 42.4791 0.165808
164 -0.668897 0.00405605 11.0336 0.000193065 0.719941 0.000177923 4912.6 0.149053 38.6259 0.27455
165 -0.668897 0.00405605 11.0336 0.000193065 0.713592 0.000188851 4914.14 0.158207 35.1373 0.158761
166 -0.668897 0.00405605 11.0336 0.000193065 0.718888 0.000197706 4916.16 0.165626 32.2431 0.181248
167 -0.668897 0.00405605 11.0336 0.000193065 0.720177 0.000168206 4917.42 0.140913 45.8259 0.163985
168 -0.668897 0.00405605 11.0336 0.000193065 0.714874 0.000156866 4911.9 0.131412 42.1905 0.0842909
169 -0.668897 0.00405605 11.0336 0.000193065 0.709849 0.000150214 4914.27 0.12584 37.1985 3.53673
170 -0.668897 0.00405605 11.0336 0.000193065 0.716082 0.000151551 4916.5 0.12696 36.9846 0.039207
171 -0.668897 0.00405605 11.0336 0.000193065 0.716548 0.000176128 4933.45 0.147549 45.7883 0.468274
172 -0.668897 0.00405605 11.0336 0.000193065 0.715607 0.000202152 4916.23 0.16935 42.7882 0.63528
173 -0.668897 0.00405605 11.0336 0.000193065 1.58895 1.#QNAN 4177.81 -1.#IND 36.5157 0.108737
174 -0.668897 0.00405605 11.0336 0.000193065 0.744244 0.000717315 4895.84 0.600922 37.0643 0.0789354
175 -0.668897 0.00405605 11.0336 0.000193065 0.516827 9.80254e-05 4911.27 0.0821196 54.9794 0.242809
176 -0.668897 0.00405605 11.0336 0.000193065 0.504287 8.97079e-05 4910.46 0.0751517 51.0855 0.214928
177 -0.668897 0.00405605 11.0336 0.000193065 0.499238 8.63885e-05 4913.27 0.072371 47.9858 0.246209
178 -0.668897 0.00405605 11.0336 0.000193065 0.508694 9.8163e-05 4911.71 0.0822349 45.8738 0.150387
179 -0.668897 0.00405605 11.0336 0.000193065 0.520262 0.000108917 4912.33 0.0912437 54.9441 0.190088
180 -0.668897 0.00405605 11.0336 0.000193065 0.507337 0.000106424 4911.93 0.0891556 50.9526 0.147722
181 -0.668897 0.00405605 11.0336 0.000193065 0.519076 0.000516466 4899.75 0.432663 47.7733 0.109061
182 -0.668897 0.00405605 11.0336 0.000193065 0.507405 0.000168017 4913.88 0.140754 45.8948 0.210671
183 -0.668897 0.00405605 11.0336 0.000193065 0.7307 0.000170893 4915.56 0.143164 60.2875 0.0626436
184 -0.668897 0.00405605 11.0336 0.000193065 0.719862 0.000159105 4913.75 0.133288 58.2778 0.0674311
185 -0.668897 0.00405605 11.0336 0.000193065 0.71722 0.0001666 4916.05 0.139567 66.1945 9.70017
186 -0.668897 0.00405605 11.0336 0.000193065 0.727869 0.000181026 4908.64 0.151652 55.4901 0.0539375
187 -0.668897 0.00405605 11.0336 0.000193065 0.734886 0.000127792 4913.14 0.107056 60.3147 0.0915928
188 -0.668897 0.00405605 11.0336 0.000193065 0.72527 0.000219816 4915.17 0.184149 58.2874 0.0459109
189 -0.668897 0.00405605 11.0336 0.000193065 0.723254 0.000186232 4913 0.156014 56.6428 0.0502258
190 -0.668897 0.00405605 11.0336 0.000193065 0.730359 0.000208179 4909.48 0.1744 55.4989 0.117493
191 -0.668897 0.00405605 11.0336 0.000193065 0.520534 0.000102977 4914.03 0.0862678 69.5453 0.117109
192 -0.668897 0.00405605 11.0336 0.000193065 0.508143 9.66802e-05 4912.18 0.0809927 67.6415 0.137265
193 -0.668897 0.00405605 11.0336 0.000193065 0.504178 9.75408e-05 4912.15 0.0817136 66.2167 0.0976904
194 -0.668897 0.00405605 11.0336 0.000193065 0.517494 0.000103629 4910.37 0.0868142 65.2489 0.117739
195 -0.668897 0.00405605 11.0336 0.000193065 0.529053 0.000115512 4915.94 0.0967687 69.9956 0.11725
196 -0.668897 0.00405605 11.0336 0.000193065 0.514996 9.13196e-05 4915.48 0.0765019 67.9771 0.0691227
197 -0.668897 0.00405605 11.0336 0.000193065 0.513064 9.52751e-05 4910.73 0.0798156 66.4528 0.159624
198 -0.668897 0.00405605 11.0336 0.000193065 0.52151 0.00010744 4909.02 0.0900066 65.3063 0.126995
