Spectrum t0 t0_Err L0 L0_Err L1 L1_Err E1 E1_Err theta theta_Err
3 -0.109633 0.115845 11.0336 0.000193065 0.617619 9.72872e-05 4896.08 0.0815012 131.441 0.154971
4 -0.182561 0.0714822 11.0336 0.000193065 0.604547 7.76114e-05 4896.13 0.065018 132.836 0.143219
5 0.129837 0.0509193 11.0336 0.000193065 0.587558 7.56615e-05 4896.15 0.0633845 133.892 0.172004
6 -0.158219 0.183947 11.0336 0.000193065 0.59536 8.75882e-05 4896.02 0.073376 133.753 0.127522
7 0.252249 0.106289 11.0336 0.000193065 0.59228 8.47222e-05 4896.06 0.070975 133.246 0.116067
8 -0.00894233 0.0307545 11.0336 0.000193065 0.619911 8.56627e-05 4896.38 0.0717629 131.671 0.1564
9 -0.0314561 0.0192738 11.0336 0.000193065 0.589136 7.53163e-05 4895.81 0.0630953 133.817 0.156592
10 -0.21004 0.0772454 11.0336 0.000193065 0.586193 6.63317e-05 4896.59 0.0555686 134.897 0.133701
11 -0.172947 0.121347 11.0336 0.000193065 0.575189 6.52355e-05 4896.31 0.0546503 135.623 0.168314
12 0.00726825 0.184944 11.0336 0.000193065 0.578576 6.65807e-05 4896.6 0.0557772 135.213 0.162156
13 -0.171486 0.0378493 11.0336 0.000193065 0.59782 7.0098e-05 4896.6 0.0587238 133.819 0.154179
14 -0.114808 0.0226849 11.0336 0.000193065 0.578702 7.95395e-05 4896.43 0.0666332 135.092 0.11055
15 -0.0188659 0.0628409 11.0336 0.000193065 0.564428 6.36163e-05 4896.43 0.0532938 136.751 0.156008
16 -0.186601 0.0306685 11.0336 0.000193065 0.560893 6.1579e-05 4896.46 0.051587 137.354 0.153359
17 -0.0284992 0.0191916 11.0336 0.000193065 0.563455 5.9029e-05 4896.25 0.0494509 136.959 0.140964
18 -0.0409748 0.062549 11.0336 0.000193065 0.575072 6.35282e-05 4896.19 0.05322 135.866 0.182451
19 -0.187318 0.063359 11.0336 0.000193065 0.560052 6.66321e-05 4896.02 0.0558203 136.963 0.154278
20 -0.122314 0.0293106 11.0336 0.000193065 0.548163 5.91024e-05 4896.01 0.0495123 138.608 0.1515
21 -0.100908 0.0917966 11.0336 0.000193065 0.540894 6.03258e-05 4896 0.0505372 139.334 0.174515
22 -0.0521458 0.0894801 11.0336 0.000193065 0.546977 6.2988e-05 4895.94 0.0527674 138.741 0.209172
23 -0.154082 0.036887 11.0336 0.000193065 0.533496 6.06534e-05 4895.92 0.0508116 139.9 0.118557
24 0.0709979 0.036306 11.0336 0.000193065 0.525593 5.97071e-05 4896.11 0.0500189 141.135 0.16436
25 -0.0684934 0.0523658 11.0336 0.000193065 0.528394 5.42677e-05 4896.31 0.0454621 141.294 0.11336
26 0.0642571 0.0164564 11.0336 0.000193065 0.535879 5.58081e-05 4896.21 0.0467526 140.011 0.15728
27 -0.102721 0.0192834 11.0336 0.000193065 0.518416 6.14667e-05 4895.89 0.051493 141.82 0.161475
28 -0.0915984 0.0480299 11.0336 0.000193065 0.515057 5.46831e-05 4896.21 0.0458101 143.152 0.194602
29 -0.109195 0.0440165 11.0336 0.000193065 0.514133 5.14996e-05 4896.01 0.0431432 143.264 0.119895
30 -0.0158122 0.0132203 11.0336 0.000193065 0.521079 5.19381e-05 4896.13 0.0435105 142.041 0.190854
31 -0.200619 0.0292638 11.0336 0.000193065 0.505258 5.57469e-05 4895.95 0.0467013 144.65 0.180321
32 -0.02034 0.00902801 11.0336 0.000193065 0.495896 5.16115e-05 4896.25 0.0432369 145.815 0.209776
33 -0.0389947 0.00362693 11.0336 0.000193065 0.498991 5.39875e-05 4895.99 0.0452274 145.111 0.199558
34 0.0326716 0.0220853 11.0336 0.000193065 0.480557 5.36813e-05 4895.7 0.0449709 147.302 0.204712
35 -0.191889 0.0768739 11.0336 0.000193065 0.489071 4.89238e-05 4896.46 0.0409853 147.926 0.235677
36 -0.0336664 1.37488e-05 11.0336 0.000193065 0.486562 5.16567e-05 4895.94 0.0432748 147.25 0.22747
37 0.0329497 0.00603054 11.0336 0.000193065 0.469202 6.01075e-05 4895.6 0.0503544 149.533 0.168311
38 -0.0957589 0.0495124 11.0336 0.000193065 0.469489 4.66837e-05 4896 0.0391087 150.727 0.283102
39 0.0913752 0.0455202 11.0336 0.000193065 0.469485 4.99981e-05 4895.59 0.0418853 149.888 0.258882
40 -0.0171352 0.0122865 11.0336 0.000193065 0.455262 4.37846e-05 4895.84 0.03668 153.047 0.298096
41 -0.0295366 0.0498054 11.0336 0.000193065 0.458978 4.42832e-05 4895.77 0.0370977 153.088 0.286387
42 -0.0294787 0.0191356 11.0336 0.000193065 0.444279 4.59726e-05 4895.87 0.038513 155.917 0.282312
43 -0.179485 0.0228084 11.0336 0.000193065 0.451145 4.42014e-05 4896.04 0.0370292 155.695 0.308467
44 -0.115237 0.0330958 11.0336 0.000193065 0.425341 4.53141e-05 4895.52 0.0379614 162.224 0.403783
45 -0.0830695 0.0346559 11.0336 0.000193065 0.436462 4.72154e-05 4895.85 0.0395541 158.83 0.362573
46 0.00863372 0.00429529 11.0336 0.000193065 0.409962 5.93606e-05 4894.9 0.0497287 166.166 0.52265
47 -0.0972913 0.0989053 11.0336 0.000193065 0.611271 9.34086e-05 4895.94 0.0782519 131.868 0.122108
48 -0.0305226 0.105781 11.0336 0.000193065 0.599207 8.19024e-05 4896.08 0.0686128 133.162 0.137045
49 0.00560451 0.0483082 11.0336 0.000193065 0.589421 7.78032e-05 4896.29 0.0651787 133.982 0.124807
50 -0.129423 0.0429619 11.0336 0.000193065 0.594581 7.75993e-05 4896.4 0.0650078 133.764 0.11326
51 -0.0575315 0.121991 11.0336 0.000193065 0.60105 7.79557e-05 4896.1 0.0653065 132.997 0.160325
52 -0.0612647 0.0185732 11.0336 0.000193065 0.620279 9.63714e-05 4896.38 0.080734 131.346 0.0956745
53 -0.0796938 0.105939 11.0336 0.000193065 0.589845 7.62944e-05 4895.87 0.0639147 134.074 0.0976431
54 0.0112885 0.0371521 11.0336 0.000193065 0.576374 7.09869e-05 4895.99 0.0594684 135.322 0.169692
55 -0.117219 0.0193326 11.0336 0.000193065 0.575769 6.51224e-05 4896.18 0.0545555 135.616 0.153099
56 -0.167384 0.0235209 11.0336 0.000193065 0.581218 7.2721e-05 4896.48 0.0609212 135.002 0.11491
57 -0.24687 0.0791041 11.0336 0.000193065 0.596088 7.52439e-05 4896.37 0.0630346 133.637 0.201071
58 -0.0879728 0.0345859 11.0336 0.000193065 0.56969 7.28071e-05 4895.82 0.0609933 135.738 0.168459
59 -0.110596 0.0281712 11.0336 0.000193065 0.560881 6.49523e-05 4895.84 0.054413 137.044 0.15683
60 -0.0372299 0.0595924 11.0336 0.000193065 0.557497 6.31903e-05 4896.37 0.0529369 137.494 0.159761
61 0.0638165 0.0529537 11.0336 0.000193065 0.561441 6.56983e-05 4896.18 0.055038 136.877 0.125953
62 -0.127988 0.017168 11.0336 0.000193065 0.578451 7.5801e-05 4896.15 0.0635013 135.592 0.177906
63 -0.171573 0.00196878 11.0336 0.000193065 0.555673 6.73522e-05 4895.91 0.0564235 137.397 0.120128
64 -0.0578224 0.0353186 11.0336 0.000193065 0.538051 6.95797e-05 4895.87 0.0582895 139.207 0.195261
65 -0.158936 0.0378213 11.0336 0.000193065 0.54196 5.99868e-05 4896.2 0.0502532 139.4 0.168193
66 -0.0950048 0.129425 11.0336 0.000193065 0.547452 6.22267e-05 4896.31 0.0521297 138.682 0.150569
67 -0.0923823 0.056939 11.0336 0.000193065 0.530222 6.14146e-05 4895.68 0.0514493 140.244 0.144948
68 -0.186277 0.0213545 11.0336 0.000193065 0.527727 6.03944e-05 4895.94 0.0505947 141.355 0.162877
69 -0.125101 0.00553097 11.0336 0.000193065 0.528048 5.60204e-05 4896.01 0.0469305 141.223 0.166331
70 0.0509798 0.0358672 11.0336 0.000193065 0.534023 6.78006e-05 4896.07 0.0567991 139.935 0.137414
71 -0.130588 0.00088617 11.0336 0.000193065 0.511011 6.07877e-05 4895.48 0.0509241 142.401 0.176939
72 -0.162474 0.0513534 11.0336 0.000193065 0.507754 5.75029e-05 4895.89 0.0481724 143.582 0.181272
73 -0.00158728 0.129828 11.0336 0.000193065 0.506107 6.80524e-05 4895.84 0.0570101 143.705 0.140238
74 -0.183199 0.0782311 11.0336 0.000193065 0.522381 5.72601e-05 4896.11 0.047969 141.969 0.136869
75 -0.0712165 0.0583423 11.0336 0.000193065 0.493937 5.40577e-05 4895.75 0.0452862 145.309 0.189939
76 -0.122703 0.0186028 11.0336 0.000193065 0.494998 5.28989e-05 4896.12 0.0443154 145.947 0.185694
77 -0.0548004 0.0566571 11.0336 0.000193065 0.498059 5.50342e-05 4895.71 0.0461042 145.091 0.185254
78 -0.122047 0.0839188 11.0336 0.000193065 0.483836 5.21144e-05 4895.72 0.0436582 147.568 0.239179
79 -0.0761264 0.00031225 11.0336 0.000193065 0.478971 5.11121e-05 4895.82 0.0428186 148.455 0.237164
80 -0.159491 0.00850399 11.0336 0.000193065 0.487181 5.25221e-05 4896.06 0.0439997 147.221 0.234423
81 -0.161646 0.00739024 11.0336 0.000193065 0.469444 4.99894e-05 4895.7 0.041878 149.984 0.320314
82 -0.0280051 0.0229031 11.0336 0.000193065 0.461445 4.81183e-05 4895.65 0.0403106 151.237 0.235899
83 -0.0955184 0.0267572 11.0336 0.000193065 0.473617 4.99596e-05 4896.09 0.041853 149.701 0.312691
84 -0.119133 0.080276 11.0336 0.000193065 0.451108 4.47134e-05 4895.34 0.0374581 153.618 0.267454
85 -0.0991924 0.0431358 11.0336 0.000193065 0.4541 4.84043e-05 4895.86 0.0405501 153.364 0.250095
86 -0.164953 0.0218374 11.0336 0.000193065 0.443336 4.45792e-05 4895.58 0.0373457 156.462 0.387013
87 -0.1499 0.0316286 11.0336 0.000193065 0.446202 4.53345e-05 4895.85 0.0379785 155.944 0.304293
88 -0.189303 0.00333394 11.0336 0.000193065 0.436755 4.27969e-05 4895.81 0.0358526 158.822 0.328073
89 -0.153843 0.0216763 11.0336 0.000193065 0.421427 4.36115e-05 4895.26 0.036535 162.769 0.345318
90 -0.225601 0.0621248 11.0336 0.000193065 0.418721 4.38403e-05 4895.49 0.0367267 165.62 0.552411
91 -0.182556 0.0119308 11.0336 0.000193065 0.613414 8.1542e-05 4895.9 0.0683109 132.259 0.120377
92 -0.05787 0.0207623 11.0336 0.000193065 0.595481 7.42665e-05 4896.22 0.0622159 133.714 0.149548
93 -0.141848 0.00797768 11.0336 0.000193065 0.586056 7.61845e-05 4896.05 0.0638226 134.486 0.122222
94 -0.200432 0.117143 11.0336 0.000193065 0.59107 7.54845e-05 4896.35 0.0632362 134.258 0.140311
95 -0.117193 0.0517002 11.0336 0.000193065 0.599533 8.47355e-05 4896.06 0.0709861 133.283 0.136775
96 -0.126899 0.0396805 11.0336 0.000193065 0.620818 8.66776e-05 4896.05 0.0726131 131.659 0.108668
97 0.0770144 0.28538 11.0336 0.000193065 0.586894 0.000298532 4895.92 0.250091 134.882 0.155023
98 -0.201085 0.0514526 11.0336 0.000193065 0.573243 6.41498e-05 4896.21 0.0537407 135.849 0.148
99 -0.188617 0.0696385 11.0336 0.000193065 0.570213 6.11695e-05 4896.14 0.051244 136.209 0.141842
100 -0.220183 0.0329271 11.0336 0.000193065 0.585529 7.38306e-05 4896.39 0.0618507 135.338 0.179266
101 -0.11986 0.0150451 11.0336 0.000193065 0.58933 7.16663e-05 4895.99 0.0600376 134.116 0.132262
102 -0.0812284 0.122472 11.0336 0.000193065 0.56733 7.78178e-05 4895.9 0.065191 136.208 0.159048
103 -0.188764 0.0719016 11.0336 0.000193065 0.56105 6.27954e-05 4896.07 0.0526061 137.533 0.159117
104 -0.204031 0.0155703 11.0336 0.000193065 0.556499 5.99516e-05 4896.13 0.0502237 137.968 0.188681
105 -0.185763 0.0697236 11.0336 0.000193065 0.564814 6.57381e-05 4896.47 0.0550713 137.208 0.152855
106 0.0515727 0.124573 11.0336 0.000193065 0.566287 7.02267e-05 4897.13 0.0588316 136.09 0.147308
107 -0.133934 0.0273352 11.0336 0.000193065 0.553161 6.87591e-05 4895.79 0.0576021 138.021 0.144289
108 -0.157458 0.109673 11.0336 0.000193065 0.538489 7.93035e-05 4896.03 0.0664355 139.659 0.166038
109 -0.228844 0.018467 11.0336 0.000193065 0.53894 6.51451e-05 4896.05 0.0545745 140.017 0.113052
110 -0.135526 0.0261563 11.0336 0.000193065 0.546259 5.87489e-05 4896.08 0.0492162 139.115 0.153242
111 -0.246009 0.0311755 11.0336 0.000193065 0.533571 5.85139e-05 4895.77 0.0490194 140.705 0.244445
112 -0.232058 0.095469 11.0336 0.000193065 0.527903 6.17768e-05 4896.26 0.0517528 141.939 0.240784
113 -0.186214 0.0262142 11.0336 0.000193065 0.524097 5.91207e-05 4896.02 0.0495277 141.822 0.153069
114 -0.201584 0.0374653 11.0336 0.000193065 0.536558 5.54893e-05 4896.13 0.0464855 140.279 0.147796
115 -0.143208 0.0642539 11.0336 0.000193065 0.515257 6.6491e-05 4895.77 0.055702 142.86 0.233597
116 -0.237827 0.0106333 11.0336 0.000193065 0.512074 6.08561e-05 4896.22 0.0509814 143.99 0.0463557
117 -0.137136 0.0784261 11.0336 0.000193065 0.505993 7.18576e-05 4895.66 0.0601978 144.127 0.193282
118 -0.141544 0.0418667 11.0336 0.000193065 0.519104 5.6275e-05 4895.89 0.0471437 142.279 0.160112
119 -0.155589 0.0796038 11.0336 0.000193065 0.49956 5.45304e-05 4888.97 0.0456822 145.736 0.17921
120 -0.165182 0.0259569 11.0336 0.000193065 0.498318 5.45767e-05 4896.18 0.045721 146.421 0.243088
121 -0.102905 0.115699 11.0336 0.000193065 0.499668 5.74012e-05 4895.93 0.0480872 145.413 0.164845
122 -0.166356 0.0257018 11.0336 0.000193065 0.485495 5.32642e-05 4895.75 0.0446214 148.104 0.194201
123 -0.192598 0.00848407 11.0336 0.000193065 0.48192 5.18417e-05 4895.9 0.0434297 148.911 0.223601
124 -0.157013 0.0433965 11.0336 0.000193065 0.48667 5.16006e-05 4895.94 0.0432278 147.704 0.213864
125 -0.162936 0.014093 11.0336 0.000193065 0.469962 5.12446e-05 4895.47 0.0429296 150.633 0.250446
126 -0.103773 0.000902972 11.0336 0.000193065 0.469488 5.25512e-05 4896 0.0440241 151.426 0.234881
127 -0.12677 0.0938667 11.0336 0.000193065 0.473826 5.26143e-05 4895.82 0.044077 150.041 0.210493
128 -0.154329 0.0628953 11.0336 0.000193065 0.45502 4.75673e-05 4895.72 0.0398489 154.058 0.269278
129 -0.122273 0.0563557 11.0336 0.000193065 0.455062 4.48782e-05 4895.45 0.0375961 153.846 0.260629
130 -0.0841613 0.0323398 11.0336 0.000193065 0.440717 5.39444e-05 4895.3 0.0451913 157.212 0.292554
131 -0.0977062 0.0594166 11.0336 0.000193065 0.441953 5.56531e-05 4895.54 0.0466227 156.448 0.247522
132 -0.130501 0.0464979 11.0336 0.000193065 0.432726 4.75296e-05 4895.27 0.0398173 159.638 0.365629
133 -0.170889 0.0146431 11.0336 0.000193065 0.422983 4.80733e-05 4895.35 0.0402728 163.404 0.414636
134 -0.150334 0.0481898 11.0336 0.000193065 0.412669 5.33586e-05 4895.13 0.0447006 166.808 0.463412
135 -0.668897 0.00405605 11.0336 0.000193065 0.520571 6.27806e-05 4897.07 0.0525937 66.2138 0.0466676
136 -0.668897 0.00405605 11.0336 0.000193065 0.508702 6.01889e-05 4897.01 0.0504225 63.8169 0.0360021
137 -0.668897 0.00405605 11.0336 0.000193065 0.499721 6.1075e-05 4896.8 0.0511648 62.206 0.115511
138 -0.668897 0.00405605 11.0336 0.000193065 0.511194 6.18904e-05 4897.08 0.051848 60.876 0.036244
139 -0.668897 0.00405605 11.0336 0.000193065 0.514676 6.79073e-05 4897.07 0.0568885 66.5038 0.0692528
140 -0.668897 0.00405605 11.0336 0.000193065 0.506086 7.08682e-05 4897.06 0.059369 64.197 0.0316979
141 -0.668897 0.00405605 11.0336 0.000193065 0.502731 5.66991e-05 4896.99 0.047499 62.294 0.0639146
142 -0.668897 0.00405605 11.0336 0.000193065 0.512514 7.24439e-05 4897.18 0.060689 57.7765 4.57077
143 -0.668897 0.00405605 11.0336 0.000193065 0.731674 0.000103421 4897.4 0.0866398 56.5323 0.0485855
144 -0.668897 0.00405605 11.0336 0.000193065 0.720184 0.000103827 4897.34 0.0869794 54.2391 0.04005
145 -0.668897 0.00405605 11.0336 0.000193065 0.717311 0.000107284 4897.3 0.0898757 52.3835 0.0456034
146 -0.668897 0.00405605 11.0336 0.000193065 0.720328 0.000122076 4897.33 0.102268 50.9369 0.0123842
147 -0.668897 0.00405605 11.0336 0.000193065 0.731595 0.000113886 4897.5 0.0954063 56.5058 0.104375
148 -0.668897 0.00405605 11.0336 0.000193065 0.721421 0.000116567 4897.35 0.0976526 54.38 0.192322
149 -0.668897 0.00405605 11.0336 0.000193065 0.72049 0.000102888 4897.29 0.0861935 52.5377 0.059917
150 -0.668897 0.00405605 11.0336 0.000193065 0.724907 0.000114316 4897.4 0.095767 50.9884 0.0130982
151 -0.668897 0.00405605 11.0336 0.000193065 0.512861 6.01354e-05 4896.72 0.0503777 52.0308 0.0965047
152 -0.668897 0.00405605 11.0336 0.000193065 0.502648 5.91889e-05 4896.8 0.0495848 47.1768 0.230717
153 -0.668897 0.00405605 11.0336 0.000193065 0.499156 5.44042e-05 4896.82 0.0455765 43.9456 0.102127
154 -0.668897 0.00405605 11.0336 0.000193065 0.50814 6.47926e-05 4896.9 0.0542792 41.3072 0.0920863
155 -0.668897 0.00405605 11.0336 0.000193065 0.516922 6.73312e-05 4896.84 0.0564059 51.7835 0.0722758
156 -0.668897 0.00405605 11.0336 0.000193065 0.501642 5.79965e-05 4896.89 0.0485859 47.2453 0.100558
157 -0.668897 0.00405605 11.0336 0.000193065 0.501582 5.92451e-05 4896.82 0.0496319 43.6944 0.191844
158 -0.668897 0.00405605 11.0336 0.000193065 0.506558 6.57419e-05 4897.02 0.0550745 41.1443 0.124145
159 -0.668897 0.00405605 11.0336 0.000193065 0.71866 9.67844e-05 4897.23 0.08108 42.2268 0.168285
160 -0.668897 0.00405605 11.0336 0.000193065 0.710049 0.000108342 4897.22 0.0907625 38.0965 0.115789
161 -0.668897 0.00405605 11.0336 0.000193065 0.712745 0.000108385 4896.39 0.0907979 36.5403 2.87059e-11
162 -0.668897 0.00405605 11.0336 0.000193065 0.71718 0.000109352 4897.3 0.0916079 32.0102 0.0391871
163 -0.668897 0.00405605 11.0336 0.000193065 0.724323 0.000117637 4897.28 0.0985486 42.4558 0.0786077
164 -0.668897 0.00405605 11.0336 0.000193065 0.719365 0.000105772 4897.07 0.0886088 38.7343 0.108438
165 -0.668897 0.00405605 11.0336 0.000193065 0.714263 0.00010766 4897.45 0.0901911 34.7099 0.236507
166 -0.668897 0.00405605 11.0336 0.000193065 0.717176 0.000108166 4897.34 0.090615 32.5085 0.0207439
167 -0.668897 0.00405605 11.0336 0.000193065 0.716718 0.000104465 4897.25 0.0875142 45.8875 0.10536
168 -0.668897 0.00405605 11.0336 0.000193065 0.706922 0.000102258 4897.25 0.0856658 42.3502 0.0630265
169 -0.668897 0.00405605 11.0336 0.000193065 0.709129 9.49273e-05 4897.25 0.0795242 39.3762 0.0477808
170 -0.668897 0.00405605 11.0336 0.000193065 0.709531 0.000104258 4897.31 0.0873406 36.9876 0.0375316
171 -0.668897 0.00405605 11.0336 0.000193065 0.721531 0.000120187 4897.32 0.100685 45.9189 0.139026
172 -0.668897 0.00405605 11.0336 0.000193065 0.711287 0.000137704 4897.27 0.11536 42.5645 0.0698756
173 -0.668897 0.00405605 11.0336 0.000193065 0.722017 0.0023163 4892.12 1.94045 37.3778 1.35505e-11
174 -0.668897 0.00405605 11.0336 0.000193065 0.716473 0.000446789 4897.31 0.374292 37.1276 0.0299454
175 -0.668897 0.00405605 11.0336 0.000193065 0.509308 5.90274e-05 4896.89 0.0494495 55.0148 0.119003
176 -0.668897 0.00405605 11.0336 0.000193065 0.49716 5.49484e-05 4896.92 0.0460323 51.0008 0.0955887
177 -0.668897 0.00405605 11.0336 0.000193065 0.49648 5.56671e-05 4896.9 0.0466344 47.9816 0.113005
178 -0.668897 0.00405605 11.0336 0.000193065 0.499979 6.114e-05 4896.9 0.0512193 45.9197 0.0928599
179 -0.668897 0.00405605 11.0336 0.000193065 0.514118 6.50535e-05 4896.96 0.0544978 54.8109 0.0411169
180 -0.668897 0.00405605 11.0336 0.000193065 0.49837 6.73715e-05 4896.9 0.0564397 51.131 0.186153
181 -0.668897 0.00405605 11.0336 0.000193065 0.472277 0.000302947 4896.02 0.25379 47.9736 0.0899885
182 -0.668897 0.00405605 11.0336 0.000193065 0.503549 0.000110803 4896.92 0.0928243 45.8904 0.115322
183 -0.668897 0.00405605 11.0336 0.000193065 0.732289 0.000108868 4897.44 0.0912032 60.2615 0.0287218
184 -0.668897 0.00405605 11.0336 0.000193065 0.720989 0.000105336 4897.46 0.0882437 58.2368 0.0399421
185 -0.668897 0.00405605 11.0336 0.000193065 0.721443 0.000101505 4897.41 0.085035 56.6424 0.0339784
186 -0.668897 0.00405605 11.0336 0.000193065 0.727614 0.000108947 4897.41 0.0912687 55.5013 0.0313176
187 -0.668897 0.00405605 11.0336 0.000193065 0.731113 0.000128513 4897.44 0.10766 60.2617 0.0248126
188 -0.668897 0.00405605 11.0336 0.000193065 0.713745 0.000129072 4897.35 0.108129 58.3366 0.0336905
189 -0.668897 0.00405605 11.0336 0.000193065 0.713131 0.000118103 4897.37 0.0989395 56.7361 0.0330558
190 -0.668897 0.00405605 11.0336 0.000193065 0.717095 0.000131977 4897.35 0.110562 55.5549 0.0414564
191 -0.668897 0.00405605 11.0336 0.000193065 0.517803 7.00793e-05 4897.18 0.0587081 69.4809 0.0830606
192 -0.668897 0.00405605 11.0336 0.000193065 0.501855 5.79869e-05 4897.03 0.0485778 67.6228 0.0230055
193 -0.668897 0.00405605 11.0336 0.000193065 0.503113 6.18244e-05 4897.13 0.0517926 66.1056 0.036347
194 -0.668897 0.00405605 11.0336 0.000193065 0.50968 6.78581e-05 4897.18 0.0568473 65.106 0.0824781
195 -0.668897 0.00405605 11.0336 0.000193065 0.523337 6.8995e-05 4897.02 0.0577997 70.01 0.0339836
196 -0.668897 0.00405605 11.0336 0.000193065 0.510546 6.09158e-05 4897.1 0.0510315 67.9038 0.0287936
197 -0.668897 0.00405605 11.0336 0.000193065 0.508069 6.23499e-05 4897.11 0.0522329 66.4099 0.0601019
198 -0.668897 0.00405605 11.0336 0.000193065 0.512828 6.61553e-05 4897.11 0.0554208 65.2777 0.0494828
