plik	det	theta	t0	L0	L1
1  1  0.0000  0.0000  0.000  0.0000
2  2  0.0000  0.0000  0.000  0.0000
3  3  131.1385  -0.2000  11.005  0.6649
4  4  132.5242  -0.2000  11.005  0.6518
5  5  133.6073  -0.2000  11.005  0.6349
6  6  133.4598  -0.2000  11.005  0.6427
7  7  132.9161  -0.2000  11.005  0.6396
8  8  131.3742  -0.2000  11.005  0.6672
9  9  133.4830  -0.2000  11.005  0.6364
10  10  134.5823  -0.2000  11.005  0.6335
11  11  135.2810  -0.2000  11.005  0.6225
12  12  134.8944  -0.2000  11.005  0.6259
13  13  133.5342  -0.2000  11.005  0.6451
14  14  134.8055  -0.2000  11.005  0.6260
15  15  136.4087  -0.2000  11.005  0.6117
16  16  137.0163  -0.2000  11.005  0.6082
17  17  136.5971  -0.2000  11.005  0.6108
18  18  135.4196  -0.2000  11.005  0.6224
19  19  136.6716  -0.2000  11.005  0.6074
20  20  138.2303  -0.2000  11.005  0.5955
21  21  138.9605  -0.2000  11.005  0.5882
22  22  138.3863  -0.2000  11.005  0.5943
23  23  139.4582  -0.2000  11.005  0.5808
24  24  140.7524  -0.2000  11.005  0.5729
25  25  140.7948  -0.2000  11.005  0.5757
26  26  139.6617  -0.2000  11.005  0.5832
27  27  141.3689  -0.2000  11.005  0.5657
28  28  142.7297  -0.2000  11.005  0.5624
29  29  142.8571  -0.2000  11.005  0.5614
30  30  141.6564  -0.2000  11.005  0.5684
31  31  144.1728  -0.2000  11.005  0.5526
32  32  145.3037  -0.2000  11.005  0.5432
33  33  144.6451  -0.2000  11.005  0.5463
34  34  146.8432  -0.2000  11.005  0.5279
35  35  147.4327  -0.2000  11.005  0.5364
36  36  146.8270  -0.2000  11.005  0.5339
37  37  148.8792  -0.2000  11.005  0.5165
38  38  150.1301  -0.2000  11.005  0.5168
39  39  149.3671  -0.2000  11.005  0.5168
40  40  141.8449  -0.2000  11.005  0.5026
41  41  152.4597  -0.2000  11.005  0.5063
42  42  155.1641  -0.2000  11.005  0.4916
43  43  154.9768  -0.2000  11.005  0.4984
44  44  160.7048  -0.2000  11.005  0.4726
45  45  158.0167  -0.2000  11.005  0.4838
46  46  164.9925  -0.2000  11.005  0.4573
47  47  131.5366  -0.2000  11.005  0.6586
48  48  132.8109  -0.2000  11.005  0.6465
49  49  133.6753  -0.2000  11.005  0.6367
50  50  133.4642  -0.2000  11.005  0.6419
51  51  132.5729  -0.2000  11.005  0.6484
52  52  131.0622  -0.2000  11.005  0.6676
53  53  133.7278  -0.2000  11.005  0.6371
54  54  134.9841  -0.2000  11.005  0.6237
55  55  135.3016  -0.2000  11.005  0.6231
56  56  134.6681  -0.2000  11.005  0.6285
57  57  133.2997  -0.2000  11.005  0.6434
58  58  135.3670  -0.2000  11.005  0.6170
59  59  136.7118  -0.2000  11.005  0.6082
60  60  137.1197  -0.2000  11.005  0.6048
61  61  136.5612  -0.2000  11.005  0.6087
62  62  135.1369  -0.2000  11.005  0.6258
63  63  137.0724  -0.2000  11.005  0.6030
64  64  138.7655  -0.2000  11.005  0.5854
65  65  138.3449  -0.2000  11.005  0.5893
66  66  138.3161  -0.2000  11.005  0.5948
67  67  139.8495  -0.2000  11.005  0.5775
68  68  140.9080  -0.2000  11.005  0.5750
69  69  140.8137  -0.2000  11.005  0.5754
70  70  139.5092  -0.2000  11.005  0.5813
71  71  141.9604  -0.2000  11.005  0.5583
72  72  143.1470  -0.2000  11.005  0.5551
73  73  143.1762  -0.2000  11.005  0.5534
74  74  141.4597  -0.2000  11.005  0.5697
75  75  144.8483  -0.2000  11.005  0.5412
76  76  145.5506  -0.2000  11.005  0.5423
77  77  144.5307  -0.2000  11.005  0.5454
78  78  147.0110  -0.2000  11.005  0.5311
79  79  147.9216  -0.2000  11.005  0.5263
80  80  146.7199  -0.2000  11.005  0.5345
81  81  149.5042  -0.2000  11.005  0.5167
82  82  150.6296  -0.2000  11.005  0.5087
83  83  149.1394  -0.2000  11.005  0.5209
84  84  152.9261  -0.2000  11.005  0.4984
85  85  152.7524  -0.2000  11.005  0.5014
86  86  155.6758  -0.2000  11.005  0.4906
87  87  155.2522  -0.2000  11.005  0.4935
88  88  157.9462  -0.2000  11.005  0.4841
89  89  161.7282  -0.2000  11.005  0.4687
90  90  164.5778  -0.2000  11.005  0.4660
91  91  132.0552  -0.2000  11.005  0.6607
92  92  133.3819  -0.2000  11.005  0.6428
93  93  134.1887  -0.2000  11.005  0.6334
94  94  134.0537  -0.2000  11.005  0.6384
95  95  132.9672  -0.2000  11.005  0.6468
96  96  135.8818  -0.2000  11.005  0.6681
97  97  134.2824  -0.2000  11.005  0.6342
98  98  135.5124  -0.2000  11.005  0.6205
99  99  135.9044  -0.2000  11.005  0.6175
100  100  135.0583  -0.2000  11.005  0.6328
101  101  133.8131  -0.2000  11.005  0.6366
102  102  135.8763  -0.2000  11.005  0.6146
103  103  137.2223  -0.2000  11.005  0.6084
104  104  137.6026  -0.2000  11.005  0.6038
105  105  136.8523  -0.2000  11.005  0.6121
106  106  135.7194  -0.2000  11.005  0.6136
107  107  137.7106  -0.2000  11.005  0.6005
108  108  139.3615  -0.2000  11.005  0.5858
109  109  139.5659  -0.2000  11.005  0.5862
110  110  138.7249  -0.2000  11.005  0.5936
111  111  140.3111  -0.2000  11.005  0.5809
112  112  141.4577  -0.2000  11.005  0.5752
113  113  141.3717  -0.2000  11.005  0.5714
114  114  139.8472  -0.2000  11.005  0.5839
115  115  142.3513  -0.2000  11.005  0.5626
116  116  143.5384  -0.2000  11.005  0.5594
117  117  143.6378  -0.2000  11.005  0.5533
118  118  141.8794  -0.2000  11.005  0.5664
119  119  145.3990  -0.2000  11.005  0.5469
120  120  145.8780  -0.2000  11.005  0.5456
121  121  145.0855  -0.2000  11.005  0.5470
122  122  147.6135  -0.2000  11.005  0.5328
123  123  148.3515  -0.2000  11.005  0.5292
124  124  147.0887  -0.2000  11.005  0.5340
125  125  150.0827  -0.2000  11.005  0.5173
126  126  155.9467  -0.2000  11.005  0.5168
127  127  149.5206  -0.2000  11.005  0.5211
128  128  153.3826  -0.2000  11.005  0.5023
129  129  153.1164  -0.2000  11.005  0.5024
130  130  156.3747  -0.2000  11.005  0.4880
131  131  155.8251  -0.2000  11.005  0.4893
132  132  158.6206  -0.2000  11.005  0.4800
133  133  162.1695  -0.2000  11.005  0.4703
134  134  165.3916  -0.2000  11.005  0.4600
135  135  66.1028  -0.2000  11.005  0.5679
136  136  63.6739  -0.2000  11.005  0.5560
137  137  61.9455  -0.2000  11.005  0.5470
138  138  60.7890  -0.2000  11.005  0.5585
139  139  66.4468  -0.2000  11.005  0.5620
140  140  64.0669  -0.2000  11.005  0.5534
141  141  62.0412  -0.2000  11.005  0.5500
142  142  60.8201  -0.2000  11.005  0.5751
143  143  56.3236  -0.2000  11.005  0.7911
144  144  54.1297  -0.2000  11.005  0.7675
145  145  52.2350  -0.2000  11.005  0.7646
146  146  50.6953  -0.2000  11.005  0.7898
147  147  56.5828  -0.2000  11.005  0.7789
148  148  54.1800  -0.2000  11.005  0.7687
149  149  52.3209  -0.2000  11.005  0.7678
150  150  50.8175  -0.2000  11.005  0.7722
151  151  51.9046  -0.2000  11.005  0.5602
152  152  47.2369  -0.2000  11.005  0.5500
153  153  43.7308  -0.2000  11.005  0.5465
154  154  41.1477  -0.2000  11.005  0.5554
155  155  51.5212  -0.2000  11.005  0.5642
156  156  47.2183  -0.2000  11.005  0.5489
157  157  43.4248  -0.2000  11.005  0.5489
158  158  41.1924  -0.2000  11.005  0.5539
159  159  42.0038  -0.2000  11.005  0.7660
160  160  37.9544  -0.2000  11.005  0.7574
161  161  34.3563  -0.2000  11.005  0.7799
162  162  31.9739  -0.2000  11.005  0.7645
163  163  42.3922  -0.2000  11.005  0.7716
164  164  38.4721  -0.2000  11.005  0.7667
165  165  35.1001  -0.2000  11.005  0.7616
166  166  32.4140  -0.2000  11.005  0.7515
167  167  45.8112  -0.2000  11.005  0.7640
168  168  42.1505  -0.2000  11.005  0.7542
169  169  39.1718  -0.2000  11.005  0.7564
170  170  36.8331  -0.2000  11.005  0.7568
171  171  45.8460  -0.2000  11.005  0.7688
172  172  42.4189  -0.2000  11.005  0.7586
173  173  39.3176  -0.2000  11.005  0.7693
174  174  37.0141  -0.2000  11.005  0.7638
175  175  54.8982  -0.2000  11.005  0.5566
176  176  50.6111  -0.2000  11.005  0.5445
177  177  47.8570  -0.2000  11.005  0.5438
178  178  45.7119  -0.2000  11.005  0.5473
179  179  54.5812  -0.2000  11.005  0.5614
180  180  51.0530  -0.2000  11.005  0.5457
181  181  47.7922  -0.2000  11.005  0.5196
182  182  45.6821  -0.2000  11.005  0.5509
183  183  60.2141  -0.2000  11.005  0.7796
184  184  58.1250  -0.2000  11.005  0.7683
185  185  69.1152  -0.2000  11.005  0.7687
186  186  55.4075  -0.2000  11.005  0.7749
187  187  60.1601  -0.2000  11.005  0.7784
188  188  58.2767  -0.2000  11.005  0.7610
189  189  56.5902  -0.2000  11.005  0.7604
190  190  55.4631  -0.2000  11.005  0.7644
191  191  69.3215  -0.2000  11.005  0.5651
192  192  67.5209  -0.2000  11.005  0.5492
193  193  79.4247  -0.2000  11.005  0.5504
194  194  65.2019  -0.2000  11.005  0.5570
195  195  69.8386  -0.2000  11.005  0.5706
196  196  67.9198  -0.2000  11.005  0.5578
197  197  66.2621  -0.2000  11.005  0.5554
198  198  65.2285  -0.2000  11.005  0.5601
