plik	det	theta	t0	L0	L1
1  1  0.0000  0.0000  0.000  0.0000
2  2  0.0000  0.0000  0.000  0.0000
3  3  132.2449  -0.2000  11.005  0.6146
4  4  133.8124  -0.2000  11.005  0.5954
5  5  134.4036  -0.2000  11.005  0.6004
6  6  134.5045  -0.2000  11.005  0.5976
7  7  133.6643  -0.2000  11.005  0.6066
8  8  132.1898  -0.2000  11.005  0.6299
9  9  134.5115  -0.2000  11.005  0.5921
10  10  135.8052  -0.2000  11.005  0.5825
11  11  136.3672  -0.2000  11.005  0.5778
12  12  135.7596  -0.2000  11.005  0.5897
13  13  134.6501  -0.2000  11.005  0.5972
14  14  136.0802  -0.2000  11.005  0.5732
15  15  137.6498  -0.2000  11.005  0.5624
16  16  138.3544  -0.2000  11.005  0.5559
17  17  137.8639  -0.2000  11.005  0.5606
18  18  136.4143  -0.2000  11.005  0.5815
19  19  138.0745  -0.2000  11.005  0.5496
20  20  139.5168  -0.2000  11.005  0.5466
21  21  140.1094  -0.2000  11.005  0.5454
22  22  139.5371  -0.2000  11.005  0.5505
23  23  140.5666  -0.2000  11.005  0.5400
24  24  141.7992  -0.2000  11.005  0.5356
25  25  142.0827  -0.2000  11.005  0.5302
26  26  140.9487  -0.2000  11.005  0.5363
27  27  142.6187  -0.2000  11.005  0.5223
28  28  144.3331  -0.2000  11.005  0.5093
29  29  144.2644  -0.2000  11.005  0.5148
30  30  143.1239  -0.2000  11.005  0.5181
31  31  145.7642  -0.2000  11.005  0.5021
32  32  146.7284  -0.2000  11.005  0.4996
33  33  146.1088  -0.2000  11.005  0.5004
34  34  148.2795  -0.2000  11.005  0.4858
35  35  149.2036  -0.2000  11.005  0.4859
36  36  148.2026  -0.2000  11.005  0.4935
37  37  150.6173  -0.2000  11.005  0.4694
38  38  151.6751  -0.2000  11.005  0.4764
39  39  150.9293  -0.2000  11.005  0.4750
40  40  135.9630  -0.2000  11.005  0.4447
41  41  154.2255  -0.2000  11.005  0.4643
42  42  157.1271  -0.2000  11.005  0.4501
43  43  157.2547  -0.2000  11.005  0.4503
44  44  163.5165  -0.2000  11.005  0.4281
45  45  160.9930  -0.2000  11.005  0.4302
46  46  168.0746  -0.2000  11.005  0.4194
47  47  132.5176  -0.2000  11.005  0.6142
48  48  134.0421  -0.2000  11.005  0.5929
49  49  134.7448  -0.2000  11.005  0.5916
50  50  134.6268  -0.2000  11.005  0.5919
51  51  133.5510  -0.2000  11.005  0.6052
52  52  132.0325  -0.2000  11.005  0.6239
53  53  134.9448  -0.2000  11.005  0.5853
54  54  136.1248  -0.2000  11.005  0.5765
55  55  136.3839  -0.2000  11.005  0.5786
56  56  135.7922  -0.2000  11.005  0.5816
57  57  134.4909  -0.2000  11.005  0.5920
58  58  136.5209  -0.2000  11.005  0.5697
59  59  137.9281  -0.2000  11.005  0.5601
60  60  138.2462  -0.2000  11.005  0.5607
61  61  137.7869  -0.2000  11.005  0.5602
62  62  136.3760  -0.2000  11.005  0.5748
63  63  138.4176  -0.2000  11.005  0.5505
64  64  139.7613  -0.2000  11.005  0.5479
65  65  140.3012  -0.2000  11.005  0.5421
66  66  139.6989  -0.2000  11.005  0.5447
67  67  141.4106  -0.2000  11.005  0.5214
68  68  142.3703  -0.2000  11.005  0.5238
69  69  142.2494  -0.2000  11.005  0.5249
70  70  140.6884  -0.2000  11.005  0.5346
71  71  143.3624  -0.2000  11.005  0.5117
72  72  144.5389  -0.2000  11.005  0.5093
73  73  144.6323  -0.2000  11.005  0.5057
74  74  142.9939  -0.2000  11.005  0.5172
75  75  146.3978  -0.2000  11.005  0.4931
76  76  147.1091  -0.2000  11.005  0.4937
77  77  145.7403  -0.2000  11.005  0.5071
78  78  148.7738  -0.2000  11.005  0.4803
79  79  149.5214  -0.2000  11.005  0.4813
80  80  148.4834  -0.2000  11.005  0.4831
81  81  151.2512  -0.2000  11.005  0.4704
82  82  152.3212  -0.2000  11.005  0.4656
83  83  151.0606  -0.2000  11.005  0.4695
84  84  154.8428  -0.2000  11.005  0.4539
85  85  154.8418  -0.2000  11.005  0.4527
86  86  158.1144  -0.2000  11.005  0.4408
87  87  157.6021  -0.2000  11.005  0.4445
88  88  160.5138  -0.2000  11.005  0.4369
89  89  164.9563  -0.2000  11.005  0.4217
90  90  168.8535  -0.2000  11.005  0.4142
91  91  133.1011  -0.2000  11.005  0.6140
92  92  134.4470  -0.2000  11.005  0.5968
93  93  135.4431  -0.2000  11.005  0.5806
94  94  135.1528  -0.2000  11.005  0.5918
95  95  134.0097  -0.2000  11.005  0.6013
96  96  132.4584  -0.2000  11.005  0.6186
97  97  135.5057  -0.2000  11.005  0.5828
98  98  136.8025  -0.2000  11.005  0.5681
99  99  137.1187  -0.2000  11.005  0.5676
100  100  136.5070  -0.2000  11.005  0.5734
101  101  134.8590  -0.2000  11.005  0.5919
102  102  137.0835  -0.2000  11.005  0.5691
103  103  138.5315  -0.2000  11.005  0.5574
104  104  138.9438  -0.2000  11.005  0.5522
105  105  138.0891  -0.2000  11.005  0.5635
106  106  136.5907  -0.2000  11.005  0.5779
107  107  138.9370  -0.2000  11.005  0.5533
108  108  140.6667  -0.2000  11.005  0.5382
109  109  140.7752  -0.2000  11.005  0.5420
110  110  139.9953  -0.2000  11.005  0.5461
111  111  141.6786  -0.2000  11.005  0.5320
112  112  142.9341  -0.2000  11.005  0.5243
113  113  142.7200  -0.2000  11.005  0.5247
114  114  141.2716  -0.2000  11.005  0.5324
115  115  143.8286  -0.2000  11.005  0.5129
116  116  144.9966  -0.2000  11.005  0.5121
117  117  145.1712  -0.2000  11.005  0.5038
118  118  143.2230  -0.2000  11.005  0.5205
119  119  146.8721  -0.2000  11.005  0.4971
120  120  147.5996  -0.2000  11.005  0.4942
121  121  146.5803  -0.2000  11.005  0.4997
122  122  149.3675  -0.2000  11.005  0.4831
123  123  150.3123  -0.2000  11.005  0.4755
124  124  148.7677  -0.2000  11.005  0.4855
125  125  151.8555  -0.2000  11.005  0.4712
126  126  152.7747  -0.2000  11.005  0.4683
127  127  151.5095  -0.2000  11.005  0.4687
128  128  155.4154  -0.2000  11.005  0.4561
129  129  155.1306  -0.2000  11.005  0.4560
130  130  158.6367  -0.2000  11.005  0.4430
131  131  158.0908  -0.2000  11.005  0.4431
132  132  161.1770  -0.2000  11.005  0.4348
133  133  165.5011  -0.2000  11.005  0.4232
134  134  170.0118  -0.2000  11.005  0.4109
135  135  66.5568  -0.2000  11.005  0.4981
136  136  64.1675  -0.2000  11.005  0.4766
137  137  62.3550  -0.2000  11.005  0.4788
138  138  61.2141  -0.2000  11.005  0.4860
139  139  66.8993  -0.2000  11.005  0.4929
140  140  64.5757  -0.2000  11.005  0.4722
141  141  62.4951  -0.2000  11.005  0.4747
142  142  61.3757  -0.2000  11.005  0.4806
143  143  56.7944  -0.2000  11.005  0.7015
144  144  54.4631  -0.2000  11.005  0.7009
145  145  52.5713  -0.2000  11.005  0.6947
146  146  51.1371  -0.2000  11.005  0.6948
147  147  56.9470  -0.2000  11.005  0.7099
148  148  54.5432  -0.2000  11.005  0.6964
149  149  52.7209  -0.2000  11.005  0.6849
150  150  51.1985  -0.2000  11.005  0.6927
151  151  52.2240  -0.2000  11.005  0.4944
152  152  47.5348  -0.2000  11.005  0.4818
153  153  44.0189  -0.2000  11.005  0.4747
154  154  41.4024  -0.2000  11.005  0.4875
155  155  51.8793  -0.2000  11.005  0.4899
156  156  47.5192  -0.2000  11.005  0.4801
157  157  43.7074  -0.2000  11.005  0.4805
158  158  41.4896  -0.2000  11.005  0.4748
159  159  42.2538  -0.2000  11.005  0.6995
160  160  38.1917  -0.2000  11.005  0.6870
161  161  34.6414  -0.2000  11.005  0.6845
162  162  32.1744  -0.2000  11.005  0.6930
163  163  42.6413  -0.2000  11.005  0.7062
164  164  38.7063  -0.2000  11.005  0.6982
165  165  35.2340  -0.2000  11.005  0.6908
166  166  32.5797  -0.2000  11.005  0.6931
167  167  46.1078  -0.2000  11.005  0.6925
168  168  42.3948  -0.2000  11.005  0.6896
169  169  39.4473  -0.2000  11.005  0.6776
170  170  37.0858  -0.2000  11.005  0.6780
171  171  46.1250  -0.2000  11.005  0.7015
172  172  42.7107  -0.2000  11.005  0.6820
173  173  38.0053  -0.2000  11.005  1.1593
174  174  37.2634  -0.2000  11.005  0.6830
175  175  55.2543  -0.2000  11.005  0.4880
176  176  50.9450  -0.2000  11.005  0.4738
177  177  48.1956  -0.2000  11.005  0.4683
178  178  46.0032  -0.2000  11.005  0.4781
179  179  54.9541  -0.2000  11.005  0.4891
180  180  51.3926  -0.2000  11.005  0.4746
181  181  47.9844  -0.2000  11.005  0.4761
182  182  45.9785  -0.2000  11.005  0.4805
183  183  60.6688  -0.2000  11.005  0.6997
184  184  58.5711  -0.2000  11.005  0.6918
185  185  56.9261  -0.2000  11.005  0.6892
186  186  55.7825  -0.2000  11.005  0.7012
187  187  60.6411  -0.2000  11.005  0.6939
188  188  58.7424  -0.2000  11.005  0.6762
189  189  56.9820  -0.2000  11.005  0.6864
190  190  55.8877  -0.2000  11.005  0.6824
191  191  69.8434  -0.2000  11.005  0.4897
192  192  67.9859  -0.2000  11.005  0.4797
193  193  66.5160  -0.2000  11.005  0.4761
194  194  65.6686  -0.2000  11.005  0.4841
195  195  70.3611  -0.2000  11.005  0.4958
196  196  68.4481  -0.2000  11.005  0.4796
197  197  66.7183  -0.2000  11.005  0.4855
198  198  65.6346  -0.2000  11.005  0.4966
