Spectrum t0 t0_Err L0 L0_Err L1 L1_Err E1 E1_Err theta theta_Err
3 -0.109633 1.67194 11.0336 0.000193065 0.632228 0.00011651 4896.38 0.0976049 131.337 0.00169518
4 -0.182561 1.67194 11.0336 0.000193065 0.617477 9.06127e-05 4896.39 0.0759097 132.768 0.00170272
5 0.129837 1.67194 11.0336 0.000193065 0.602367 8.88257e-05 4896.46 0.0744127 133.811 0.00170684
6 -0.158219 1.67194 11.0336 0.000193065 0.607745 0.000102595 4896.23 0.0859476 133.779 0.00170784
7 0.252249 1.67194 11.0336 0.000193065 0.604022 8.74715e-05 4896.21 0.0732782 133.255 0.0017036
8 -0.00894233 1.67194 11.0336 0.000193065 0.632252 0.000100208 4896.53 0.0839479 131.65 0.00169616
9 -0.0314561 1.67194 11.0336 0.000193065 0.595876 8.63332e-05 4895.89 0.0723246 133.913 0.00170686
10 -0.21004 1.67194 11.0336 0.000193065 0.593374 7.59162e-05 4896.65 0.0635979 134.999 0.00171302
11 -0.172947 1.67194 11.0336 0.000193065 0.586513 7.54945e-05 4896.53 0.0632446 135.602 0.00171587
12 0.00726825 1.67194 11.0336 0.000193065 0.589336 7.87675e-05 4896.75 0.0659866 135.253 0.00171454
13 -0.171486 1.67194 11.0336 0.000193065 0.606724 8.02022e-05 4896.71 0.0671884 133.863 0.00170762
14 -0.114808 1.67194 11.0336 0.000193065 0.588707 0.00015438 4896.71 0.12933 134.912 0.00171273
15 -0.0188659 1.67194 11.0336 0.000193065 0.572871 7.20337e-05 4896.55 0.0603454 136.81 0.00172097
16 -0.186601 1.67194 11.0336 0.000193065 0.569847 7.29338e-05 4896.59 0.0610994 137.41 0.00172443
17 -0.0284992 1.67194 11.0336 0.000193065 0.572591 6.92153e-05 4896.41 0.0579843 136.978 0.00172172
18 -0.0409748 1.67194 11.0336 0.000193065 0.586476 7.24428e-05 4896.45 0.0606881 135.789 0.0017159
19 -0.187318 1.67194 11.0336 0.000193065 0.567579 7.64532e-05 4896.13 0.0640477 137.054 0.00172147
20 -0.122314 1.67194 11.0336 0.000193065 0.557849 7.16038e-05 4896.17 0.0599852 138.608 0.00172914
21 -0.100908 1.67194 11.0336 0.000193065 0.555006 6.82393e-05 4896.35 0.0571666 139.243 0.00173315
22 -0.0521458 1.67194 11.0336 0.000193065 0.552485 7.55615e-05 4895.99 0.0633007 138.873 0.00172949
23 -0.154082 1.67194 11.0336 0.000193065 0.543965 7.1199e-05 4896.18 0.0596461 139.794 0.00173324
24 0.0709979 1.67194 11.0336 0.000193065 0.535992 7.08074e-05 4896.34 0.059318 141.141 0.0017403
25 -0.0684934 1.67194 11.0336 0.000193065 0.538471 6.313e-05 4896.53 0.0528864 141.193 0.00174067
26 0.0642571 1.67194 11.0336 0.000193065 0.545865 6.4437e-05 4896.41 0.0539814 140.032 0.00173436
27 -0.102721 1.67194 11.0336 0.000193065 0.532959 7.20091e-05 4896.32 0.0603247 141.636 0.0017421
28 -0.0915984 1.67194 11.0336 0.000193065 0.523603 6.30609e-05 4896.4 0.0528285 143.173 0.00174818
29 -0.109195 1.67194 11.0336 0.000193065 0.52553 6.05705e-05 4896.3 0.0507423 143.214 0.00174921
30 -0.0158122 1.67194 11.0336 0.000193065 0.527821 5.94849e-05 4896.28 0.0498328 142.052 0.00174389
31 -0.200619 1.67194 11.0336 0.000193065 0.51539 6.40332e-05 4896.21 0.053643 144.622 0.00175393
32 -0.02034 1.67194 11.0336 0.000193065 0.506913 6.20193e-05 4896.55 0.0519559 145.71 0.00175865
33 -0.0389947 1.67194 11.0336 0.000193065 0.510189 6.32819e-05 4896.31 0.0530137 145.017 0.00175615
34 0.0326716 1.67194 11.0336 0.000193065 0.491226 6.27126e-05 4896.03 0.0525367 147.228 0.00176324
35 -0.191889 1.67194 11.0336 0.000193065 0.499218 5.71613e-05 4896.72 0.0478862 147.892 0.00176749
36 -0.0336664 1.67194 11.0336 0.000193065 0.497473 7.26044e-05 4896.29 0.0608235 147.124 0.00176382
37 0.0329497 1.67194 11.0336 0.000193065 0.476386 6.91902e-05 4895.8 0.0579633 149.552 0.00177101
38 -0.0957589 1.67194 11.0336 0.000193065 0.480236 5.4825e-05 4896.34 0.045929 150.604 0.00177606
39 0.0913752 1.67194 11.0336 0.000193065 0.480702 5.88132e-05 4895.97 0.0492701 149.754 0.00177268
40 -0.0171352 1.67194 11.0336 0.000193065 0.467165 5.00502e-05 4896.25 0.041929 152.878 0.00178249
41 -0.0295366 1.67194 11.0336 0.000193065 0.46825 5.22259e-05 4895.95 0.0437516 153.024 0.00178387
42 -0.0294787 1.67194 11.0336 0.000193065 0.454452 5.39695e-05 4896.22 0.0452123 155.79 0.0017911
43 -0.179485 1.67194 11.0336 0.000193065 0.460148 5.05245e-05 4896.32 0.0423263 155.611 0.00179111
44 -0.115237 1.67194 11.0336 0.000193065 0.434537 5.20983e-05 4895.86 0.0436447 162.08 0.00180653
45 -0.0830695 1.67194 11.0336 0.000193065 0.444004 5.45497e-05 4896.09 0.0456984 158.789 0.00179884
46 0.00863372 1.67194 11.0336 0.000193065 0.42114 6.70314e-05 4895.4 0.0561547 165.631 0.00181239
47 -0.0972913 1.67194 11.0336 0.000193065 0.621712 0.000109398 4896.11 0.0916469 131.893 0.00169739
48 -0.0305226 1.67194 11.0336 0.000193065 0.605115 9.50194e-05 4896.1 0.0796014 133.316 0.00170557
49 0.00560451 1.67194 11.0336 0.000193065 0.598974 9.22882e-05 4896.41 0.0773134 134.051 0.0017084
50 -0.129423 1.67194 11.0336 0.000193065 0.605742 9.24799e-05 4896.58 0.0774739 133.773 0.00170704
51 -0.0575315 1.67194 11.0336 0.000193065 0.611264 9.24233e-05 4896.27 0.0774265 132.956 0.00170238
52 -0.0612647 1.67194 11.0336 0.000193065 0.633191 0.00011151 4896.58 0.0934161 131.336 0.00169508
53 -0.0796938 1.67194 11.0336 0.000193065 0.5957 8.86539e-05 4895.92 0.0742687 134.185 0.00170789
54 0.0112885 1.67194 11.0336 0.000193065 0.584148 8.22006e-05 4896.11 0.0688626 135.377 0.00171311
55 -0.117219 1.67194 11.0336 0.000193065 0.584585 7.64854e-05 4896.73 0.0640747 135.689 0.00171539
56 -0.167384 1.67194 11.0336 0.000193065 0.592901 8.40338e-05 4896.65 0.0703983 135.034 0.00171253
57 -0.24687 1.67194 11.0336 0.000193065 0.608501 8.71367e-05 4896.6 0.0729977 133.595 0.00170612
58 -0.0879728 1.67194 11.0336 0.000193065 0.579923 8.64716e-05 4896.04 0.0724405 135.718 0.00171504
59 -0.110596 1.67194 11.0336 0.000193065 0.571216 7.39917e-05 4896.06 0.0619857 137.05 0.00172093
60 -0.0372299 1.67194 11.0336 0.000193065 0.565789 7.23813e-05 4896.48 0.0606366 137.577 0.00172395
61 0.0638165 1.67194 11.0336 0.000193065 0.564921 7.69872e-05 4896.14 0.0644951 137.07 0.0017206
62 -0.127988 1.67194 11.0336 0.000193065 0.588574 8.39851e-05 4896.36 0.0703575 135.475 0.00171489
63 -0.171573 1.67194 11.0336 0.000193065 0.563613 7.77085e-05 4896.01 0.0650993 137.516 0.00172203
64 -0.0578224 1.67194 11.0336 0.000193065 0.549376 7.37676e-05 4896.2 0.0617979 139.066 0.00173003
65 -0.158936 1.67194 11.0336 0.000193065 0.544926 0.000116569 4896.17 0.0976546 139.588 0.00173241
66 -0.0950048 1.67194 11.0336 0.000193065 0.555694 7.11407e-05 4896.45 0.0595973 138.745 0.00172878
67 -0.0923823 1.67194 11.0336 0.000193065 0.537397 6.80387e-05 4895.85 0.0569986 140.263 0.00173395
68 -0.186277 1.67194 11.0336 0.000193065 0.537576 6.97619e-05 4896.17 0.0584422 141.335 0.00174062
69 -0.125101 1.67194 11.0336 0.000193065 0.533803 6.64255e-05 4896.07 0.0556472 141.364 0.00173946
70 0.0509798 1.67194 11.0336 0.000193065 0.537792 7.95441e-05 4896.15 0.0666371 139.937 0.00173307
71 -0.130588 1.67194 11.0336 0.000193065 0.525291 6.76984e-05 4895.91 0.0567135 142.271 0.00174389
72 -0.162474 1.67194 11.0336 0.000193065 0.518658 6.80823e-05 4896.12 0.0570351 143.657 0.00174885
73 -0.00158728 1.67194 11.0336 0.000193065 0.515666 7.87773e-05 4896.04 0.0659947 143.697 0.00174904
74 -0.183199 1.67194 11.0336 0.000193065 0.530197 6.66725e-05 4896.33 0.055854 141.889 0.00174193
75 -0.0712165 1.67194 11.0336 0.000193065 0.504309 6.07143e-05 4896.02 0.0508627 145.304 0.00175578
76 -0.122703 1.67194 11.0336 0.000193065 0.507131 6.28506e-05 4896.42 0.0526523 145.931 0.0017589
77 -0.0548004 1.67194 11.0336 0.000193065 0.507667 6.4601e-05 4895.88 0.0541187 145.084 0.00175746
78 -0.122047 1.67194 11.0336 0.000193065 0.489825 6.02286e-05 4895.84 0.0504558 147.652 0.00176528
79 -0.0761264 1.67194 11.0336 0.000193065 0.486248 5.92614e-05 4895.97 0.0496456 148.572 0.00176781
80 -0.159491 1.67194 11.0336 0.000193065 0.494736 6.00593e-05 4896.24 0.050314 147.255 0.00176401
81 -0.161646 1.67194 11.0336 0.000193065 0.484016 5.9127e-05 4896.2 0.0495329 149.805 0.0017727
82 -0.0280051 1.67194 11.0336 0.000193065 0.472046 5.69046e-05 4895.99 0.0476712 151.156 0.0017772
83 -0.0955184 1.67194 11.0336 0.000193065 0.482481 5.86237e-05 4896.33 0.0491113 149.641 0.00177157
84 -0.119133 1.67194 11.0336 0.000193065 0.462324 5.16484e-05 4895.74 0.0432678 153.472 0.00178358
85 -0.0991924 1.67194 11.0336 0.000193065 0.462421 5.46775e-05 4896.11 0.0458055 153.329 0.00178369
86 -0.164953 1.67194 11.0336 0.000193065 0.455385 5.19341e-05 4896.01 0.0435072 156.265 0.00179445
87 -0.1499 1.67194 11.0336 0.000193065 0.456346 5.21945e-05 4896.18 0.0437253 155.834 0.00179102
88 -0.189303 1.67194 11.0336 0.000193065 0.44804 4.88973e-05 4896.14 0.0409632 158.577 0.00179909
89 -0.153843 1.67194 11.0336 0.000193065 0.432952 5.05614e-05 4895.73 0.0423572 162.425 0.00180645
90 -0.225601 1.67194 11.0336 0.000193065 0.428772 5.20777e-05 4895.88 0.0436275 165.327 0.0018123
91 -0.182556 1.67194 11.0336 0.000193065 0.619529 9.37197e-05 4895.92 0.0785125 132.41 0.00170099
92 -0.05787 1.67194 11.0336 0.000193065 0.60574 8.44941e-05 4896.38 0.0707839 133.733 0.00170671
93 -0.141848 1.67194 11.0336 0.000193065 0.597779 8.76864e-05 4896.25 0.0734582 134.506 0.0017099
94 -0.200432 1.67194 11.0336 0.000193065 0.603046 8.88744e-05 4896.43 0.0744535 134.309 0.00170948
95 -0.117193 1.67194 11.0336 0.000193065 0.609211 9.61033e-05 4896.19 0.0805094 133.353 0.00170486
96 -0.126899 1.67194 11.0336 0.000193065 0.633142 9.93352e-05 4896.24 0.0832169 131.673 0.00169754
97 0.0770144 1.67194 11.0336 0.000193065 0.583153 0.000198982 4895.64 0.166695 135.238 0.00171259
98 -0.201085 1.67194 11.0336 0.000193065 0.586563 7.33128e-05 4896.45 0.061417 135.848 0.00171706
99 -0.188617 1.67194 11.0336 0.000193065 0.579914 6.74343e-05 4896.29 0.0564923 136.274 0.0017192
100 -0.220183 1.67194 11.0336 0.000193065 0.5902 8.30852e-05 4896.35 0.0696037 135.544 0.00171564
101 -0.11986 1.67194 11.0336 0.000193065 0.598813 8.29386e-05 4896.13 0.0694808 134.186 0.00170829
102 -0.0812284 1.67194 11.0336 0.000193065 0.57803 8.44734e-05 4896.1 0.0707666 136.257 0.00171778
103 -0.188764 1.67194 11.0336 0.000193065 0.572506 7.52766e-05 4896.27 0.0630621 137.578 0.00172513
104 -0.204031 1.67194 11.0336 0.000193065 0.565822 7.02102e-05 4896.28 0.0588178 138.02 0.00172684
105 -0.185763 1.67194 11.0336 0.000193065 0.572771 7.4087e-05 4896.55 0.0620655 137.321 0.00172299
106 0.0515727 1.67194 11.0336 0.000193065 0.579525 7.8317e-05 4897.39 0.0656091 136.028 0.00171642
107 -0.133934 1.67194 11.0336 0.000193065 0.567814 7.76186e-05 4896.13 0.065024 137.98 0.00172688
108 -0.157458 1.67194 11.0336 0.000193065 0.549867 9.10983e-05 4896.18 0.0763165 139.667 0.00173275
109 -0.228844 1.67194 11.0336 0.000193065 0.549565 7.57111e-05 4896.27 0.0634261 139.989 0.00173536
110 -0.135526 1.67194 11.0336 0.000193065 0.554042 6.91822e-05 4896.19 0.0579566 139.214 0.00173167
111 -0.246009 1.67194 11.0336 0.000193065 0.543373 6.85914e-05 4895.95 0.0574616 140.799 0.00173897
112 -0.232058 1.67194 11.0336 0.000193065 0.536047 7.24993e-05 4896.41 0.0607354 141.969 0.00174432
113 -0.186214 1.67194 11.0336 0.000193065 0.53744 6.71005e-05 4896.35 0.0562126 141.753 0.00174378
114 -0.201584 1.67194 11.0336 0.000193065 0.543299 6.43807e-05 4896.21 0.0539342 140.328 0.00173665
115 -0.143208 1.67194 11.0336 0.000193065 0.527183 7.80259e-05 4896.11 0.0653652 142.752 0.00174646
116 -0.237827 1.67194 11.0336 0.000193065 0.52188 6.9096e-05 4896.43 0.0578844 144.018 0.00175295
117 -0.137136 1.67194 11.0336 0.000193065 0.518117 8.22927e-05 4895.97 0.0689397 144.104 0.00175173
118 -0.141544 1.67194 11.0336 0.000193065 0.530896 6.51783e-05 4896.17 0.0546024 142.275 0.00174515
119 -0.155589 1.67194 11.0336 0.000193065 0.506128 6.31294e-05 4889.29 0.0528859 145.913 0.00175842
120 -0.165182 1.67194 11.0336 0.000193065 0.507073 6.29105e-05 4896.38 0.0527026 146.441 0.00176151
121 -0.102905 1.67194 11.0336 0.000193065 0.506135 6.60065e-05 4896.05 0.0552961 145.512 0.00175714
122 -0.166356 1.67194 11.0336 0.000193065 0.495299 6.21098e-05 4895.99 0.0520318 148.138 0.00176689
123 -0.192598 1.67194 11.0336 0.000193065 0.493457 5.95241e-05 4896.21 0.0498656 148.88 0.00177081
124 -0.157013 1.67194 11.0336 0.000193065 0.498923 6.01056e-05 4896.31 0.0503527 147.562 0.0017658
125 -0.162936 1.67194 11.0336 0.000193065 0.482571 5.79714e-05 4895.86 0.0485648 150.542 0.00177603
126 -0.103773 1.67194 11.0336 0.000193065 0.476432 6.05313e-05 4896.14 0.0507094 151.578 0.00177917
127 -0.12677 1.67194 11.0336 0.000193065 0.487012 6.04896e-05 4896.21 0.0506744 149.95 0.00177365
128 -0.154329 1.67194 11.0336 0.000193065 0.466209 5.28638e-05 4896.08 0.044286 153.968 0.00178639
129 -0.122273 1.67194 11.0336 0.000193065 0.46709 5.21691e-05 4895.88 0.043704 153.724 0.00178596
130 -0.0841613 1.67194 11.0336 0.000193065 0.44979 6.50452e-05 4895.62 0.0544908 137.143 0.00626297
131 -0.0977062 1.67194 11.0336 0.000193065 0.452266 6.71554e-05 4895.89 0.0562586 156.348 0.00179219
132 -0.130501 1.67194 11.0336 0.000193065 0.443452 5.49427e-05 4895.71 0.0460276 159.326 0.00180052
133 -0.170889 1.67194 11.0336 0.000193065 0.43285 5.61337e-05 4895.74 0.0470253 163.119 0.00180836
134 -0.150334 1.67194 11.0336 0.000193065 0.427243 6.22855e-05 4895.77 0.052179 166.062 0.00181352
135 -0.668897 0.00405605 11.0336 0.000193065 0.525174 7.39558e-05 4897.09 0.0619556 66.3037 0.0010175
136 -0.668897 0.00405605 11.0336 0.000193065 0.513649 6.90217e-05 4897.06 0.0578221 63.8572 0.000982656
137 -0.668897 0.00405605 11.0336 0.000193065 0.507641 7.10089e-05 4896.96 0.0594869 62.1708 0.000960631
138 -0.668897 0.00405605 11.0336 0.000193065 0.514893 7.37514e-05 4896.96 0.0617843 61.1306 0.000936949
139 -0.668897 0.00405605 11.0336 0.000193065 0.523009 7.66989e-05 4897.15 0.0642536 66.6385 0.00102075
140 -0.668897 0.00405605 11.0336 0.000193065 0.513014 7.94153e-05 4897.13 0.0665292 64.2666 0.00098499
141 -0.668897 0.00405605 11.0336 0.000193065 0.509104 6.92939e-05 4896.99 0.0580501 62.47 0.00096434
142 -0.668897 0.00405605 11.0336 0.000193065 0.517873 8.28883e-05 4897.1 0.0694386 73.6754 0.000682765
143 -0.668897 0.00405605 11.0336 0.000193065 0.738062 0.000118372 4897.39 0.0991645 56.5401 0.000896515
144 -0.668897 0.00405605 11.0336 0.000193065 0.725837 0.000128546 4897.36 0.107687 54.1901 0.000861569
145 -0.668897 0.00405605 11.0336 0.000193065 0.725887 0.000123293 4897.3 0.103288 52.3439 0.000834066
146 -0.668897 0.00405605 11.0336 0.000193065 0.736541 0.000150278 4897.36 0.125894 50.8361 0.000808603
147 -0.668897 0.00405605 11.0336 0.000193065 0.73763 0.000142048 4897.38 0.118999 56.7445 0.0008974
148 -0.668897 0.00405605 11.0336 0.000193065 0.730041 0.000137282 4897.37 0.115007 54.3382 0.000861673
149 -0.668897 0.00405605 11.0336 0.000193065 0.722824 0.000116188 4897.37 0.0973355 52.3912 0.000829528
150 -0.668897 0.00405605 11.0336 0.000193065 0.734416 0.0001171 4897.32 0.0980992 51.1122 0.000817036
151 -0.668897 0.00405605 11.0336 0.000193065 0.523872 6.95782e-05 4896.93 0.0582883 51.8783 0.000817264
152 -0.668897 0.00405605 11.0336 0.000193065 0.506907 6.7888e-05 4896.7 0.0568724 47.4102 0.000740027
153 -0.668897 0.00405605 11.0336 0.000193065 0.506249 6.28709e-05 4896.94 0.0526694 43.8561 0.000695531
154 -0.668897 0.00405605 11.0336 0.000193065 0.51291 7.33821e-05 4896.98 0.061475 41.2644 0.0006541
155 -0.668897 0.00405605 11.0336 0.000193065 0.520736 8.08942e-05 4896.77 0.0677681 51.8929 0.000812866
156 -0.668897 0.00405605 11.0336 0.000193065 0.508663 6.73662e-05 4896.87 0.0564352 47.3885 0.000749933
157 -0.668897 0.00405605 11.0336 0.000193065 0.506705 6.60759e-05 4896.86 0.0553543 43.6751 0.000687915
158 -0.668897 0.00405605 11.0336 0.000193065 0.509692 7.34038e-05 4896.98 0.0614931 41.3394 0.000657209
159 -0.668897 0.00405605 11.0336 0.000193065 0.728218 0.000114747 4897.27 0.096128 42.0419 0.000676522
160 -0.668897 0.00405605 11.0336 0.000193065 0.717126 0.000118881 4897.23 0.099591 38.0061 0.000614029
161 -0.668897 0.00405605 11.0336 0.000193065 0.717157 0.000113751 4897.25 0.0952937 34.6511 0.000564202
162 -0.668897 0.00405605 11.0336 0.000193065 0.722473 0.000121939 4897.32 0.102153 31.8983 0.000518285
163 -0.668897 0.00405605 11.0336 0.000193065 0.728244 0.000139708 4897.2 0.117038 42.5944 0.00068311
164 -0.668897 0.00405605 11.0336 0.000193065 0.721198 0.000120511 4897.11 0.100957 38.7241 0.000625653
165 -0.668897 0.00405605 11.0336 0.000193065 0.719394 0.00012027 4897.33 0.100755 35.1452 0.000574095
166 -0.668897 0.00405605 11.0336 0.000193065 0.723776 0.000116537 4897.39 0.0976278 32.3482 0.000531413
167 -0.668897 0.00405605 11.0336 0.000193065 0.722906 0.000126303 4897.2 0.105809 45.9184 0.000734544
168 -0.668897 0.00405605 11.0336 0.000193065 0.714355 0.000111478 4897.31 0.0933892 42.1868 0.000675484
169 -0.668897 0.00405605 11.0336 0.000193065 0.710695 0.000106977 4897.23 0.089619 39.3586 0.000639899
170 -0.668897 0.00405605 11.0336 0.000193065 0.715228 0.000120288 4897.3 0.10077 36.993 0.000596765
171 -0.668897 0.00405605 11.0336 0.000193065 0.721045 0.000135587 4897.29 0.113586 45.9634 0.000731607
172 -0.668897 0.00405605 11.0336 0.000193065 0.722641 0.000155399 4897.19 0.130184 42.6484 0.000682646
173 -0.668897 0.00405605 11.0336 0.000193065 0.718126 0.000993454 5849.87 0.832254 39.4362 0.000634196
174 -0.668897 0.00405605 11.0336 0.000193065 0.714734 0.000221404 4897.23 0.185479 37.2458 0.00060118
175 -0.668897 0.00405605 11.0336 0.000193065 0.514582 6.84079e-05 4896.88 0.0573079 55.1197 0.000855385
176 -0.668897 0.00405605 11.0336 0.000193065 0.506658 6.11065e-05 4896.94 0.0511912 51.1744 0.000803572
177 -0.668897 0.00405605 11.0336 0.000193065 0.499418 6.28451e-05 4896.87 0.0526477 48.0361 0.000754184
178 -0.668897 0.00405605 11.0336 0.000193065 0.507659 7.17309e-05 4897.03 0.0600917 45.8994 0.00071952
179 -0.668897 0.00405605 11.0336 0.000193065 0.5213 7.73581e-05 4896.87 0.0648058 55.0959 0.000855253
180 -0.668897 0.00405605 11.0336 0.000193065 0.503185 7.70127e-05 4896.95 0.0645164 51.1799 0.000800605
181 -0.668897 0.00405605 11.0336 0.000193065 0.50923 0.000328962 4896.96 0.275584 47.9833 0.000752465
182 -0.668897 0.00405605 11.0336 0.000193065 0.505918 0.000130179 4896.91 0.109056 45.9373 0.000720258
183 -0.668897 0.00405605 11.0336 0.000193065 0.736185 0.000127273 4897.4 0.106621 60.3426 0.000947532
184 -0.668897 0.00405605 11.0336 0.000193065 0.726128 0.00010864 4897.41 0.0910118 58.3537 0.000918809
185 -0.668897 0.00405605 11.0336 0.000193065 0.731646 0.000116412 4897.41 0.0975227 56.6546 0.000893042
186 -0.668897 0.00405605 11.0336 0.000193065 0.726387 0.000136044 4897.39 0.113969 55.5544 0.000871102
187 -0.668897 0.00405605 11.0336 0.000193065 0.740899 0.00013766 4897.38 0.115323 60.3566 0.000946836
188 -0.668897 0.00405605 11.0336 0.000193065 0.731004 0.000138847 4897.36 0.116317 58.3619 0.000920003
189 -0.668897 0.00405605 11.0336 0.000193065 0.722337 0.000124274 4897.36 0.104109 56.789 0.000895335
190 -0.668897 0.00405605 11.0336 0.000193065 0.725225 0.000147611 4897.33 0.123659 55.5968 0.000874716
191 -0.668897 0.00405605 11.0336 0.000193065 0.520757 7.58765e-05 4897.17 0.0635646 69.6276 0.00106071
192 -0.668897 0.00405605 11.0336 0.000193065 0.511266 6.55103e-05 4897.15 0.0548805 67.7275 0.00103025
193 -0.668897 0.00405605 11.0336 0.000193065 0.508687 6.7345e-05 4897.15 0.0564175 66.2275 0.00100925
194 -0.668897 0.00405605 11.0336 0.000193065 0.516954 7.52788e-05 4897.09 0.0630639 65.368 0.000995862
195 -0.668897 0.00405605 11.0336 0.000193065 0.530471 7.88493e-05 4897.09 0.066055 70.0905 0.0010655
196 -0.668897 0.00405605 11.0336 0.000193065 0.519046 6.68074e-05 4897.09 0.0559671 68.1022 0.00103774
197 -0.668897 0.00405605 11.0336 0.000193065 0.512755 7.04987e-05 4897.13 0.0590595 66.5199 0.00101445
198 -0.668897 0.00405605 11.0336 0.000193065 0.521231 7.50821e-05 4897.11 0.0628991 65.4469 0.00099911
