Spectrum t0 t0_Err L0 L0_Err L1 L1_Err E1 E1_Err theta theta_Err
3 -0.4157 0 11.005 0 0.666688 0.000146753 4900.74 0.122941 131.032 0.408657
4 -0.5338 0 11.005 0 0.653603 0.000120897 4898.05 0.10128 132.562 0.347774
5 -0.3362 0 11.005 0 0.636015 0.00011709 4896.03 0.0980905 133.539 0.414524
6 -0.5143 0 11.005 0 0.639634 0.000140727 4904.56 0.117892 133.509 0.433941
7 -0.4171 0 11.005 0 0.647541 0.000133376 4895.67 0.111734 132.72 0.417207
8 -0.3913 0 11.005 0 0.670574 0.000144742 4891.79 0.121256 131.299 0.359956
9 -0.4922 0 11.005 0 0.636077 0.000123753 4905.86 0.103672 133.498 0.447776
10 -0.2895 0 11.005 0 0.621598 0.00010479 4893.28 0.0877862 134.801 0.422716
11 -0.3636 0 11.005 0 0.621195 9.93548e-05 4891.02 0.0832333 134.846 0.238927
12 -0.1396 0 11.005 0 0.615385 0.000109961 4892.45 0.0921185 135.033 0.417124
13 -0.2883 0 11.005 0 0.642056 0.000109252 4888.21 0.0915249 133.553 0.452236
14 -0.2448 0 11.005 0 0.618725 0.000121064 4895.94 0.10142 134.968 0.385443
15 -0.215 0 11.005 0 0.601094 0.000101363 4893.95 0.0849153 136.663 0.409675
16 -0.2535 0 11.005 0 0.598185 0.000120916 4893.63 0.101296 137.106 0.537329
17 -0.4243 0 11.005 0 0.605227 8.88292e-05 4896.27 0.0744156 136.694 0.448293
18 -0.349 0 11.005 0 0.615756 9.85362e-05 4897.09 0.0825475 135.545 0.509434
19 -0.4401 0 11.005 0 0.603944 0.000106976 4900.03 0.0896177 136.674 0.448242
20 -0.5177 0 11.005 0 0.595208 9.29487e-05 4896.79 0.0778667 138.247 0.425127
21 -0.4556 0 11.005 0 0.587664 9.27204e-05 4895.24 0.0776754 138.807 0.089488
22 -0.4583 0 11.005 0 0.597133 0.000100801 4894.42 0.0844448 138.138 0.55521
23 -0.4111 0 11.005 0 0.578015 9.83767e-05 4899.47 0.0824139 139.454 0.449292
24 -0.3492 0 11.005 0 0.569855 9.70567e-05 4895.41 0.0813081 140.839 0.492139
25 -0.2597 0 11.005 0 0.569595 8.81294e-05 4892.36 0.0738294 140.913 0.506783
26 -0.3506 0 11.005 0 0.577784 9.11761e-05 4896.06 0.0763817 137.924 3.09034
27 -0.365 0 11.005 0 0.5649 9.74628e-05 4896.63 0.0816483 141.47 0.372233
28 -0.3501 0 11.005 0 0.554011 8.84032e-05 4894.28 0.0740587 142.824 0.575888
29 -0.4942 0 11.005 0 0.559682 8.17333e-05 4893.38 0.0684711 142.974 0.421603
30 -0.3882 0 11.005 0 0.56656 8.28655e-05 4892.98 0.0694196 141.666 0.448242
31 -0.3519 0 11.005 0 0.54418 8.52311e-05 4896.73 0.0714013 144.477 0.45374
32 -0.2382 0 11.005 0 0.538438 8.49439e-05 4890.57 0.0711607 141.945 5.35266
33 -0.3992 0 11.005 0 0.544105 8.81325e-05 4893.36 0.0738319 144.674 0.585058
34 -0.357 0 11.005 0 0.529443 8.60406e-05 4894.83 0.0720795 146.815 0.518998
35 -0.2589 0 11.005 0 0.525033 7.96459e-05 4889.73 0.0667224 147.811 0.560309
36 -0.405 0 11.005 0 0.529837 9.32892e-05 4896.51 0.0781519 146.807 0.617811
37 -0.4024 0 11.005 0 0.519338 9.73224e-05 4894.92 0.0815307 148.773 0.612562
38 -0.3803 0 11.005 0 0.514328 7.39372e-05 4890.74 0.06194 150.245 0.601453
39 -0.4819 0 11.005 0 0.526263 8.10522e-05 4890.04 0.0679005 149.013 0.555541
40 -0.3534 0 11.005 0 0.50064 6.96096e-05 4893.58 0.0583146 152.555 0.679928
41 -0.4475 0 11.005 0 0.50494 7.10371e-05 4894.5 0.0595104 144.429 14.2725
42 -0.2812 0 11.005 0 0.485861 7.24264e-05 4894.23 0.0606744 147.658 14.0651
43 -0.3985 0 11.005 0 0.491634 7.01586e-05 4892.75 0.0587745 145.667 17.0934
44 -0.4253 0 11.005 0 0.468516 7.05867e-05 4898.29 0.0591331 161.595 0.9707
45 -0.4026 0 11.005 0 0.481663 7.6079e-05 4892.14 0.0637342 157.992 0.95693
46 -0.4783 0 11.005 0 0.457802 9.07649e-05 4903.58 0.0760372 164.265 1.44921
47 -0.4312 0 11.005 0 0.663054 0.000152336 4901.78 0.127618 131.495 0.469752
48 -0.4633 0 11.005 0 0.644341 0.000131727 4900.62 0.110353 132.893 0.452748
49 -0.3189 0 11.005 0 0.637383 0.000123647 4890.28 0.103584 130.927 4.84098
50 -0.2729 0 11.005 0 0.632208 0.000122969 4896.2 0.103015 133.476 0.533884
51 -0.425 0 11.005 0 0.644654 0.00012952 4902.11 0.108504 132.404 0.206515
52 -0.384 0 11.005 0 0.668645 0.000158379 4892.24 0.13268 130.967 0.449807
53 -0.4945 0 11.005 0 0.633315 0.000127503 4905.41 0.106814 133.857 0.319805
54 -0.4117 0 11.005 0 0.618816 0.000114272 4902.06 0.0957301 134.944 0.093607
55 -0.4116 0 11.005 0 0.617597 0.000102522 4916.07 0.0858866 135.843 0.572411
56 -0.3323 0 11.005 0 0.617784 0.000118405 4895.39 0.0991925 129.906 8.79279
57 -0.3318 0 11.005 0 0.632642 0.000118063 4899.28 0.0989061 133.61 0.351005
58 -0.4648 0 11.005 0 0.618461 0.000115196 4900.35 0.0965044 135.373 0.394397
59 -0.5558 0 11.005 0 0.608708 0.000103784 4900.48 0.086944 136.617 0.484014
60 -0.2544 0 11.005 0 0.602168 9.94021e-05 4888.28 0.0832729 137.143 0.280706
61 -0.3665 0 11.005 0 0.60603 0.000106564 4894.43 0.0892729 136.393 0.545574
62 -0.3262 0 11.005 0 0.618248 0.000122706 4896.42 0.102796 136.644 2.03238
63 -0.4231 0 11.005 0 0.59679 0.000107859 4902.92 0.0903575 137.148 0.499845
64 -0.3685 0 11.005 0 0.58013 0.000116383 4899.79 0.0974983 138.834 0.581023
65 -0.3976 0 11.005 0 0.586915 0.000109937 4891.17 0.0920984 139.155 0.502683
66 -0.3004 0 11.005 0 0.58836 9.68778e-05 4892.14 0.0811582 138.454 0.480465
67 -0.5081 0 11.005 0 0.578392 9.66589e-05 4900.66 0.0809749 139.71 0.51783
68 -0.5126 0 11.005 0 0.573021 9.37214e-05 4895.27 0.078514 141.009 0.428789
69 -0.465 0 11.005 0 0.572 8.95983e-05 4895.88 0.0750599 140.947 0.439653
70 -0.4322 0 11.005 0 0.578805 0.000253465 4895.45 0.212337 139.217 0.332371
71 -0.4634 0 11.005 0 0.55867 9.21911e-05 4902.02 0.077232 141.995 0.540045
72 -0.429 0 11.005 0 0.550169 9.19062e-05 4897.58 0.0769933 143.127 0.599427
73 -0.3961 0 11.005 0 0.55501 0.000110679 4892.6 0.0927202 142.835 0.57396
74 -0.3944 0 11.005 0 0.564194 9.22568e-05 4894.21 0.077287 141.444 0.547093
75 -0.404 0 11.005 0 0.537657 8.69965e-05 4898.93 0.0728803 144.844 0.608478
76 -0.3988 0 11.005 0 0.5385 8.74755e-05 4890.77 0.0732816 145.694 0.559786
77 -0.5346 0 11.005 0 0.549337 8.8424e-05 4894.25 0.0740762 144.568 0.402491
78 -0.4688 0 11.005 0 0.523277 8.34016e-05 4900.25 0.0698687 147.222 0.632917
79 -0.4711 0 11.005 0 0.523804 7.911e-05 4894.03 0.0662735 148.169 0.507877
80 -0.4652 0 11.005 0 0.530534 8.32326e-05 4891.99 0.0697271 146.769 0.603728
81 -0.4765 0 11.005 0 0.51117 8.03605e-05 4900.26 0.0673211 149.33 0.246825
82 -0.4177 0 11.005 0 0.506948 7.67487e-05 4895.92 0.0642953 150.765 0.556673
83 -0.4212 0 11.005 0 0.513271 8.10516e-05 4893.55 0.0679 149.313 0.670444
84 -0.5311 0 11.005 0 0.49709 7.15381e-05 4900.83 0.0599302 153.083 0.647243
85 -0.3597 0 11.005 0 0.497567 7.69209e-05 4893.22 0.0644396 152.916 0.65377
86 -0.4207 0 11.005 0 0.483858 7.01786e-05 4898.51 0.0587913 156.12 0.62997
87 -0.4639 0 11.005 0 0.490713 7.33535e-05 4892.09 0.061451 155.355 0.828411
88 -0.4513 0 11.005 0 0.477141 6.72533e-05 4895.76 0.0563407 158.466 0.723659
89 -0.5154 0 11.005 0 0.468704 6.83869e-05 4898.72 0.0572903 161.869 0.866593
90 -0.5037 0 11.005 0 0.463087 7.16476e-05 4896.81 0.0600219 164.658 1.29151
91 -0.6592 0 11.005 0 0.666917 0.000129756 4901.14 0.108702 131.925 0.36198
92 -0.3637 0 11.005 0 0.635936 0.000116818 4898.36 0.0978626 133.388 0.471276
93 -0.4432 0 11.005 0 0.633848 0.000125876 4896.17 0.105451 132.612 2.7034
94 -0.3814 0 11.005 0 0.637595 0.000123265 4889.85 0.103264 133.898 0.484544
95 -0.5917 0 11.005 0 0.648447 0.000129842 4898.35 0.108773 132.79 0.0674986
96 -0.6493 0 11.005 0 0.672646 0.000137541 4899.02 0.115223 131.296 0.39827
97 -0.4637 0 11.005 0 0.629764 0.000199318 4898.59 0.166977 134.047 0.739764
98 -0.38 0 11.005 0 0.617372 0.000101295 4893.39 0.084859 135.356 0.58897
99 -0.4797 0 11.005 0 0.616404 9.59612e-05 4893.86 0.0803904 135.96 0.385696
100 -0.4859 0 11.005 0 0.617435 0.000120569 4899.2 0.101005 135.48 0.375485
101 -0.6038 0 11.005 0 0.644679 0.000118092 4894.3 0.0989302 133.501 0.514077
102 -0.5335 0 11.005 0 0.618676 0.000117834 4896.82 0.098714 135.831 0.455176
103 -0.492 0 11.005 0 0.602041 0.000102104 4897.77 0.0855366 137.27 0.564884
104 -0.5296 0 11.005 0 0.598638 9.5808e-05 4896.01 0.080262 137.679 0.597087
105 -0.4027 0 11.005 0 0.606013 0.000105534 4888.66 0.0884096 136.99 0.528208
106 -0.4027 0 11.005 0 0.612658 0.000107939 4883.09 0.0904243 135.982 0.368711
107 -0.5283 0 11.005 0 0.603819 0.000105663 4896.95 0.0885179 137.525 0.587514
108 -0.4716 0 11.005 0 0.578926 0.000123057 4899.54 0.103089 139.292 0.627015
109 -0.4751 0 11.005 0 0.581903 9.96254e-05 4894.45 0.08346 139.596 0.563642
110 -0.4709 0 11.005 0 0.589987 9.44857e-05 4894.46 0.0791543 138.953 0.398623
111 -0.5241 0 11.005 0 0.577259 9.29908e-05 4897.42 0.0779019 140.528 0.405008
112 -0.3655 0 11.005 0 0.561572 9.94461e-05 4896.07 0.0833098 141.612 0.661453
113 -0.454 0 11.005 0 0.569771 9.43256e-05 4892.63 0.0790201 141.493 0.483323
114 -0.4404 0 11.005 0 0.570697 8.82551e-05 4901.07 0.0739346 140.251 0.382159
115 -0.4831 0 11.005 0 0.560747 0.000102488 4897.51 0.0858585 142.226 0.691018
116 -0.4549 0 11.005 0 0.553541 9.51913e-05 4890.73 0.0797453 143.676 0.630332
117 -0.5454 0 11.005 0 0.550208 0.000110017 4899.05 0.0921651 143.728 0.681308
118 -0.5102 0 11.005 0 0.565257 8.84955e-05 4895.91 0.074136 141.92 0.47744
119 -3.406 0 11.005 0 0.626775 9.05294e-05 4995.92 0.0758399 136.657 11.2288
120 -0.4245 0 11.005 0 0.540436 8.47257e-05 4888.22 0.0709779 146.151 0.527785
121 -0.441 0 11.005 0 0.544864 9.12525e-05 4892.3 0.0764457 144.962 0.627862
122 -0.5599 0 11.005 0 0.53312 8.52425e-05 4892.26 0.0714109 147.442 0.769082
123 -0.4809 0 11.005 0 0.525594 8.24226e-05 4892.86 0.0690486 148.56 0.489138
124 -0.4206 0 11.005 0 0.531098 8.1739e-05 4891.69 0.0684759 147.165 0.672939
125 -0.5659 0 11.005 0 0.517796 8.00704e-05 4898.06 0.067078 149.862 0.862445
126 -0.4205 0 11.005 0 0.512231 7.99216e-05 4890.91 0.0669533 150.004 6.04429e-10
127 -0.4926 0 11.005 0 0.518723 8.0468e-05 4894.52 0.0674111 149.478 0.704642
128 -0.4809 0 11.005 0 0.502287 7.46424e-05 4892.87 0.0625308 153.565 0.666637
129 -0.5363 0 11.005 0 0.502417 6.9773e-05 4896.11 0.0584515 153.222 0.668575
130 -0.521 0 11.005 0 0.488638 8.85676e-05 4896.77 0.0741964 156.3 1.0356
131 -0.4774 0 11.005 0 0.489206 8.84085e-05 4895.28 0.0740632 155.436 0.976461
132 -0.529 0 11.005 0 0.482169 7.53392e-05 4896.24 0.0631145 158.789 0.817368
133 -0.5002 0 11.005 0 0.464913 7.84373e-05 4900.22 0.0657099 162.482 1.26943
134 -0.5026 0 11.005 0 0.461035 8.62128e-05 4898.44 0.0722238 165.242 1.55645
135 -0.32 0 11.005 0 0.539181 0.00010036 4900.5 0.0840753 66.2878 0.140149
136 -0.32 0 11.005 0 0.526433 9.49171e-05 4900.87 0.0795157 63.8822 0.0957573
137 -0.32 0 11.005 0 0.526542 0.000103988 4898.35 0.087115 62.1662 0.140325
138 -0.32 0 11.005 0 0.534562 9.70196e-05 4894.15 0.081277 60.8759 0.0821268
139 -0.32 0 11.005 0 0.53952 0.000108867 4899.13 0.0912019 66.5985 0.176809
140 -0.32 0 11.005 0 0.528984 0.000113086 4896.73 0.0947367 64.1679 0.106764
141 -0.32 0 11.005 0 0.526662 9.36259e-05 4896.24 0.078434 62.3556 0.154679
142 -0.32 0 11.005 0 0.530133 0.000112497 4897.77 0.094243 61.1229 0.131968
143 -0.32 0 11.005 0 0.745772 0.000167512 4897.99 0.140331 56.5555 0.11479
144 -0.32 0 11.005 0 0.743681 0.000169534 4897.73 0.142025 54.1823 0.067074
145 -0.32 0 11.005 0 0.748331 0.000186581 4891.07 0.156306 52.2144 0.0991414
146 -0.32 0 11.005 0 0.75651 0.000218224 4889.58 0.182814 50.861 0.0676014
147 -0.32 0 11.005 0 0.750121 0.000191989 4902.22 0.160837 56.6832 0.109901
148 -0.32 0 11.005 0 0.741854 0.000167973 4897.34 0.140717 54.3316 0.0999257
149 -0.32 0 11.005 0 0.736611 0.00016202 4901.81 0.13573 52.4154 0.0219824
150 -0.32 0 11.005 0 0.736674 0.000165789 4903.27 0.138888 51.0226 0.0256556
151 -0.32 0 11.005 0 0.53831 9.74679e-05 4901.23 0.0816525 51.9725 0.297487
152 -0.32 0 11.005 0 0.524951 9.34676e-05 4902.12 0.0783014 47.4173 0.334444
153 -0.32 0 11.005 0 0.522826 8.71498e-05 4899.46 0.0730087 43.8454 0.209136
154 -0.32 0 11.005 0 0.528797 0.000103 4901.83 0.0862874 41.2517 0.188594
155 -0.32 0 11.005 0 0.537028 0.000116488 4900.29 0.0975862 51.7614 0.164102
156 -0.32 0 11.005 0 0.525615 9.22503e-05 4896.62 0.0772816 47.3632 0.16221
157 -0.32 0 11.005 0 0.524501 8.91391e-05 4898.14 0.0746752 43.541 0.167635
158 -0.32 0 11.005 0 0.525196 0.000101674 4902.92 0.0851766 41.2868 0.220892
159 -0.32 0 11.005 0 0.741093 0.000165375 4900.82 0.138541 42.0337 0.205766
160 -0.32 0 11.005 0 0.736922 0.000166361 4900.47 0.139367 37.8844 0.24007
161 -0.32 0 11.005 0 0.728973 0.000171821 4903.19 0.143941 34.4906 1.23696
162 -0.32 0 11.005 0 0.741356 0.000160622 4897.42 0.134559 31.8817 0.140528
163 -0.32 0 11.005 0 0.75577 0.000210768 4885.6 0.176568 42.5165 0.165527
164 -0.32 0 11.005 0 0.737727 0.000177923 4897.7 0.149053 38.6591 0.274622
165 -0.32 0 11.005 0 0.731391 0.000188851 4899.23 0.158207 35.167 0.159497
166 -0.32 0 11.005 0 0.736681 0.000197706 4901.25 0.165626 32.27 0.181888
167 -0.32 0 11.005 0 0.737961 0.000168206 4902.53 0.140913 45.8666 0.164402
168 -0.32 0 11.005 0 0.732664 0.000156866 4897 0.131412 42.2274 0.084775
169 -0.32 0 11.005 0 0.72765 0.000150214 4899.35 0.12584 37.2304 3.54095
170 -0.32 0 11.005 0 0.733877 0.000151551 4901.59 0.12696 37.0162 0.0401154
171 -0.32 0 11.005 0 0.734348 0.000176128 4918.54 0.147549 45.829 0.469472
172 -0.32 0 11.005 0 0.733399 0.000202152 4901.32 0.16935 42.8258 0.635824
173 -0.32 0 11.005 0 1.60479 1.#QNAN 4164.54 -1.#IND 36.5505 0.109694
174 -0.32 0 11.005 0 0.761982 0.000717315 4880.98 0.600922 37.0961 0.0781067
175 -0.32 0 11.005 0 0.534912 9.80254e-05 4896.12 0.0821196 55.0297 0.2436
176 -0.32 0 11.005 0 0.522395 8.97079e-05 4895.29 0.0751517 51.1313 0.215641
177 -0.32 0 11.005 0 0.517358 8.63885e-05 4898.09 0.072371 48.0282 0.247089
178 -0.32 0 11.005 0 0.5268 9.8163e-05 4896.55 0.0822349 45.914 0.150658
179 -0.32 0 11.005 0 0.538343 0.000108917 4897.18 0.0912437 54.9943 0.190555
180 -0.32 0 11.005 0 0.525441 0.000106424 4896.76 0.0891556 50.9983 0.148424
181 -0.32 0 11.005 0 0.537155 0.000516466 4884.6 0.432663 47.8157 0.109866
182 -0.32 0 11.005 0 0.525514 0.000168017 4898.71 0.140754 45.9351 0.211313
183 -0.32 0 11.005 0 0.748455 0.000170893 4900.69 0.143164 60.3448 0.062489
184 -0.32 0 11.005 0 0.737633 0.000159105 4898.86 0.133288 58.3327 0.066953
185 -0.32 0 11.005 0 0.734998 0.0001666 4901.16 0.139567 66.2598 9.71296
186 -0.32 0 11.005 0 0.745627 0.000181026 4893.76 0.151652 55.5417 0.0534762
187 -0.32 0 11.005 0 0.752633 0.000127792 4898.28 0.107056 60.372 0.0925112
188 -0.32 0 11.005 0 0.743034 0.000219816 4900.29 0.184149 58.3423 0.0468476
189 -0.32 0 11.005 0 0.741021 0.000186232 4898.12 0.156014 56.6957 0.0494555
190 -0.32 0 11.005 0 0.748114 0.000208179 4894.61 0.1744 55.5505 0.117069
191 -0.32 0 11.005 0 0.538602 0.000102977 4898.89 0.0862678 69.6134 0.118278
192 -0.32 0 11.005 0 0.526231 9.66802e-05 4897.02 0.0809927 67.7071 0.137972
193 -0.32 0 11.005 0 0.522274 9.75408e-05 4896.99 0.0817136 66.2804 0.097404
194 -0.32 0 11.005 0 0.535568 0.000103629 4895.23 0.0868142 65.3115 0.116867
195 -0.32 0 11.005 0 0.547109 0.000115512 4900.81 0.0967687 70.0643 0.118263
196 -0.32 0 11.005 0 0.533076 9.13196e-05 4900.34 0.0765019 68.0431 0.0689695
197 -0.32 0 11.005 0 0.531145 9.52751e-05 4895.59 0.0798156 66.5169 0.159517
198 -0.32 0 11.005 0 0.539577 0.00010744 4893.88 0.0900066 65.369 0.126548
