Spectrum t0 t0_Err L0 L0_Err L1 L1_Err E1 E1_Err theta theta_Err
3 -0.109633 0.115845 11.0336 0.000193065 0.629429 0.000146753 4896.55 0.122941 131.084 0.0912079
4 -0.182561 0.0714822 11.0336 0.000193065 0.614986 0.000120897 4896.48 0.10128 132.543 0.124688
5 0.129837 0.0509193 11.0336 0.000193065 0.593825 0.00011709 4896.43 0.0980905 133.741 0.0897813
6 -0.158219 0.183947 11.0336 0.000193065 0.601079 0.000140727 4896.23 0.117892 133.625 0.090696
7 0.252249 0.106289 11.0336 0.000193065 0.59917 0.000133376 4896.32 0.111734 133.007 0.0786172
8 -0.00894233 0.0307545 11.0336 0.000193065 0.630808 0.000144742 4896.71 0.121256 131.333 0.0997351
9 -0.0314561 0.0192738 11.0336 0.000193065 0.59443 0.000123753 4896.06 0.103672 133.7 0.0936671
10 -0.21004 0.0772454 11.0336 0.000193065 0.590963 0.00010479 4896.82 0.0877862 134.741 0.0843803
11 -0.172947 0.121347 11.0336 0.000193065 0.586986 9.94045e-05 4896.92 0.0832749 135.145 0.173373
12 0.00726825 0.184944 11.0336 0.000193065 0.582613 0.000109961 4896.84 0.0921185 134.976 0.135666
13 -0.171486 0.0378493 11.0336 0.000193065 0.610035 0.000109252 4897.07 0.0915249 133.436 0.117271
14 -0.114808 0.0226849 11.0336 0.000193065 0.586625 0.000121064 4896.72 0.10142 134.933 0.066274
15 -0.0188659 0.0628409 11.0336 0.000193065 0.567057 0.000101363 4896.57 0.0849153 128.583 11.3803
16 -0.186601 0.0306685 11.0336 0.000193065 0.567828 0.000120916 4896.86 0.101296 136.901 0.0581609
17 -0.0284992 0.0191916 11.0336 0.000193065 0.565136 8.88292e-05 4896.41 0.0744156 136.809 0.0761771
18 -0.0409748 0.062549 11.0336 0.000193065 0.578362 9.85362e-05 4896.48 0.0825475 135.589 0.118937
19 -0.187318 0.063359 11.0336 0.000193065 0.568332 0.000106976 4896.39 0.0896177 136.714 0.077151
20 -0.122314 0.0293106 11.0336 0.000193065 0.555226 9.29487e-05 4896.3 0.0778667 138.305 0.108924
21 -0.100908 0.0917966 11.0336 0.000193065 0.548909 9.27204e-05 4896.32 0.0776754 139.103 0.0608818
22 -0.0521458 0.0894801 11.0336 0.000193065 0.556612 0.000100801 4896.48 0.0844448 138.276 0.196159
23 -0.154082 0.036887 11.0336 0.000193065 0.542234 9.83767e-05 4896.35 0.0824139 139.393 0.155663
24 0.0709979 0.036306 11.0336 0.000193065 0.529007 9.70567e-05 4896.3 0.0813081 140.961 0.121357
25 -0.0684934 0.0523658 11.0336 0.000193065 0.535488 8.81294e-05 4896.68 0.0738294 140.897 0.0774728
26 0.0642571 0.0164564 11.0336 0.000193065 0.537105 9.11761e-05 4896.32 0.0763817 139.922 0.0811601
27 -0.102721 0.0192834 11.0336 0.000193065 0.528963 9.74628e-05 4896.32 0.0816483 141.469 0.142439
28 -0.0915984 0.0480299 11.0336 0.000193065 0.51796 8.84032e-05 4896.49 0.0740587 142.934 0.155972
29 -0.109195 0.0440165 11.0336 0.000193065 0.519966 8.17333e-05 4896.25 0.0684711 143.051 0.0463366
30 -0.0158122 0.0132203 11.0336 0.000193065 0.527066 8.28655e-05 4896.42 0.0694196 141.714 0.107579
31 -0.200619 0.0292638 11.0336 0.000193065 0.511756 8.52311e-05 4896.24 0.0714013 144.335 0.107772
32 -0.02034 0.00902801 11.0336 0.000193065 0.503391 8.49439e-05 4896.69 0.0711607 145.26 0.0408332
33 -0.0389947 0.00362693 11.0336 0.000193065 0.505003 8.81325e-05 4896.35 0.0738319 144.773 0.142907
34 0.0326716 0.0220853 11.0336 0.000193065 0.48959 8.60406e-05 4896.15 0.0720795 146.872 0.0808575
35 -0.191889 0.0768739 11.0336 0.000193065 0.494628 7.96459e-05 4896.75 0.0667224 147.714 0.131489
36 -0.0336664 1.37488e-05 11.0336 0.000193065 0.490429 9.32892e-05 4896.25 0.0781519 146.899 0.127406
37 0.0329497 0.00603054 11.0336 0.000193065 0.478021 9.73224e-05 4896.13 0.0815307 148.985 0.12675
38 -0.0957589 0.0495124 11.0336 0.000193065 0.477415 7.39372e-05 4896.43 0.06194 150.205 0.131416
39 0.0913752 0.0455202 11.0336 0.000193065 0.48061 8.10522e-05 4896.17 0.0679005 149.288 0.0680482
40 -0.0171352 0.0122865 11.0336 0.000193065 0.462265 6.96096e-05 4896.24 0.0583146 152.552 0.116048
41 -0.0295366 0.0498054 11.0336 0.000193065 0.464164 7.10371e-05 4896.09 0.0595104 152.627 0.157994
42 -0.0294787 0.0191356 11.0336 0.000193065 0.445252 7.24264e-05 4900.3 0.0606744 145.261 9.86955e-10
43 -0.179485 0.0228084 11.0336 0.000193065 0.450649 7.01586e-05 4901.5 0.0587745 127.066 22.3323
44 -0.115237 0.0330958 11.0336 0.000193065 0.431254 7.05867e-05 4895.89 0.0591331 161.756 0.176807
45 -0.0830695 0.0346559 11.0336 0.000193065 0.443627 7.6079e-05 4896.35 0.0637342 158.105 0.240863
46 0.00863372 0.00429529 11.0336 0.000193065 0.415335 9.07649e-05 4895.48 0.0760372 164.417 0.0851112
47 -0.0972913 0.0989053 11.0336 0.000193065 0.625032 0.000152336 4896.44 0.127618 131.54 0.120373
48 -0.0305226 0.105781 11.0336 0.000193065 0.603359 0.000131727 4896.29 0.110353 133.072 0.102543
49 0.00560451 0.0483082 11.0336 0.000193065 0.597745 0.000123647 4898.02 0.103584 130.645 2.70453
50 -0.129423 0.0429619 11.0336 0.000193065 0.599653 0.000122969 4896.78 0.103015 133.4 0.16686
51 -0.0575315 0.121991 11.0336 0.000193065 0.605608 0.00012952 4896.37 0.108504 132.714 0.086422
52 -0.0612647 0.0185732 11.0336 0.000193065 0.630608 0.000158379 4896.8 0.13268 130.993 0.0706931
53 -0.0796938 0.105939 11.0336 0.000193065 0.593164 0.000127503 4896.01 0.106814 134.021 0.0868121
54 0.0112885 0.0371521 11.0336 0.000193065 0.578268 0.000114272 4896.1 0.0957301 135.236 0.0661557
55 -0.117219 0.0193326 11.0336 0.000193065 0.5794 0.00010252 4897.44 0.0858851 135.133 0.561587
56 -0.167384 0.0235209 11.0336 0.000193065 0.580047 0.000118405 4900.52 0.0991925 128.35 4.64259e-10
57 -0.24687 0.0791041 11.0336 0.000193065 0.602055 0.000118063 4896.65 0.0989061 133.401 0.099664
58 -0.0879728 0.0345859 11.0336 0.000193065 0.579169 0.000115196 4896.26 0.0965044 135.429 0.0869035
59 -0.110596 0.0281712 11.0336 0.000193065 0.567418 0.000103784 4896.11 0.086944 136.82 0.111853
60 -0.0372299 0.0595924 11.0336 0.000193065 0.567292 9.94021e-05 4896.75 0.0832729 137.153 0.148899
61 0.0638165 0.0529537 11.0336 0.000193065 0.564742 0.000106564 4896.52 0.0892729 136.558 0.115112
62 -0.127988 0.017168 11.0336 0.000193065 0.57246 0.000122706 4906.4 0.102796 118.802 0.61308
63 -0.171573 0.00196878 11.0336 0.000193065 0.561386 0.000107859 4896.22 0.0903575 137.198 0.115598
64 -0.0578224 0.0353186 11.0336 0.000193065 0.542823 0.000116383 4896.23 0.0974983 138.885 0.14885
65 -0.158936 0.0378213 11.0336 0.000193065 0.551487 0.000109937 4896.59 0.0920984 139.041 0.104137
66 -0.0950048 0.129425 11.0336 0.000193065 0.553924 9.68778e-05 4896.64 0.0811582 138.338 0.176288
67 -0.0923823 0.056939 11.0336 0.000193065 0.537865 9.66589e-05 4896.15 0.0809749 139.918 0.0839619
68 -0.186277 0.0213545 11.0336 0.000193065 0.524259 9.37214e-05 4905.41 0.078514 125.436 3.3754e-10
69 -0.125101 0.00553097 11.0336 0.000193065 0.533706 8.95983e-05 4896.28 0.0750599 140.958 0.125252
70 0.0509798 0.0358672 11.0336 0.000193065 0.535889 0.000253465 4896.4 0.212337 139.396 2.93373e-10
71 -0.130588 0.00088617 11.0336 0.000193065 0.520936 9.21911e-05 4895.93 0.077232 142.114 0.238387
72 -0.162474 0.0513534 11.0336 0.000193065 0.514031 9.19062e-05 4896.33 0.0769933 143.244 0.249004
73 -0.00158728 0.129828 11.0336 0.000193065 0.514993 0.000110679 4896.25 0.0927202 143.464 0.279032
74 -0.183199 0.0782311 11.0336 0.000193065 0.52953 9.22568e-05 4896.6 0.077287 141.473 0.175062
75 -0.0712165 0.0583423 11.0336 0.000193065 0.499611 8.69965e-05 4896.14 0.0728803 144.903 0.107302
76 -0.122703 0.0186028 11.0336 0.000193065 0.501933 8.74755e-05 4896.43 0.0732816 145.641 0.255091
77 -0.0548004 0.0566571 11.0336 0.000193065 0.506798 8.8424e-05 4896.08 0.0740762 144.74 0.114771
78 -0.122047 0.0839188 11.0336 0.000193065 0.485037 8.34016e-05 4895.89 0.0698687 147.463 0.146712
79 -0.0761264 0.00031225 11.0336 0.000193065 0.4839 7.911e-05 4896.04 0.0662735 148.279 0.22026
80 -0.159491 0.00850399 11.0336 0.000193065 0.482918 8.32326e-05 4904.88 0.0697271 125.146 4.26225
81 -0.161646 0.00739024 11.0336 0.000193065 0.467237 8.03605e-05 4901.46 0.0673211 131.04 10.0747
82 -0.0280051 0.0229031 11.0336 0.000193065 0.46721 7.67487e-05 4895.98 0.0642953 150.861 0.116009
83 -0.0955184 0.0267572 11.0336 0.000193065 0.475185 8.10516e-05 4896.31 0.0679 149.393 0.177406
84 -0.119133 0.080276 11.0336 0.000193065 0.456931 7.15381e-05 4895.68 0.0599302 153.188 0.194128
85 -0.0991924 0.0431358 11.0336 0.000193065 0.461539 7.69209e-05 4896.27 0.0644396 152.818 0.178728
86 -0.164953 0.0218374 11.0336 0.000193065 0.448391 7.01786e-05 4895.87 0.0587913 156.112 0.160613
87 -0.1499 0.0316286 11.0336 0.000193065 0.452984 7.33535e-05 4896.26 0.061451 155.487 0.191731
88 -0.189303 0.00333394 11.0336 0.000193065 0.441232 6.72533e-05 4896.06 0.0563407 158.429 0.192759
89 -0.153843 0.0216763 11.0336 0.000193065 0.429975 6.83869e-05 4895.74 0.0572903 161.976 0.228819
90 -0.225601 0.0621248 11.0336 0.000193065 0.42669 7.16476e-05 4896 0.0600219 164.468 0.379979
91 -0.182556 0.0119308 11.0336 0.000193065 0.6247 0.000129756 4896.25 0.108702 131.989 0.14087
92 -0.05787 0.0207623 11.0336 0.000193065 0.598647 0.000116818 4896.5 0.0978626 133.478 0.123217
93 -0.141848 0.00797768 11.0336 0.000193065 0.596701 0.000125876 4896.5 0.105451 134.149 0.154007
94 -0.200432 0.117143 11.0336 0.000193065 0.603684 0.000123248 4896.97 0.10325 133.842 0.175025
95 -0.117193 0.0517002 11.0336 0.000193065 0.606175 0.000129842 4896.3 0.108773 133.103 0.0564181
96 -0.126899 0.0396805 11.0336 0.000193065 0.628993 0.000137541 4896.28 0.115223 131.49 0.155235
97 0.0770144 0.28538 11.0336 0.000193065 0.585204 0.000199318 4896.42 0.166977 133.977 2.94695e-10
98 -0.201085 0.0514526 11.0336 0.000193065 0.583664 0.000101295 4896.79 0.084859 135.296 0.185055
99 -0.188617 0.0696385 11.0336 0.000193065 0.579555 9.59612e-05 4896.48 0.0803904 135.933 0.0855931
100 -0.220183 0.0329271 11.0336 0.000193065 0.581626 0.000120569 4896.26 0.101005 135.435 0.0926737
101 -0.11986 0.0150451 11.0336 0.000193065 0.601824 0.000118092 4896.55 0.0989302 133.694 0.192193
102 -0.0812284 0.122472 11.0336 0.000193065 0.577007 0.000117834 4896.29 0.098714 135.88 0.0870695
103 -0.188764 0.0719016 11.0336 0.000193065 0.564925 0.000102104 4896.33 0.0855366 137.358 0.149605
104 -0.204031 0.0155703 11.0336 0.000193065 0.560709 9.5808e-05 4896.42 0.080262 137.823 0.0924592
105 -0.185763 0.0697236 11.0336 0.000193065 0.571127 0.000105534 4896.77 0.0884096 137.024 0.122375
106 0.0515727 0.124573 11.0336 0.000193065 0.569941 0.000107939 4897.16 0.0904243 136.034 0.122577
107 -0.133934 0.0273352 11.0336 0.000193065 0.563867 0.000105663 4896.33 0.0885179 137.607 0.168773
108 -0.157458 0.109673 11.0336 0.000193065 0.537884 0.000123057 4899.26 0.103089 130.084 5.22639
109 -0.228844 0.018467 11.0336 0.000193065 0.546359 9.96254e-05 4896.47 0.08346 139.539 0.0593979
110 -0.135526 0.0261563 11.0336 0.000193065 0.5519 9.44857e-05 4896.28 0.0791543 138.97 0.0996466
111 -0.246009 0.0311755 11.0336 0.000193065 0.541175 9.29908e-05 4896.06 0.0779019 140.492 0.0858684
112 -0.232058 0.095469 11.0336 0.000193065 0.529362 9.94461e-05 4896.58 0.0833098 141.547 0.242356
113 -0.186214 0.0262142 11.0336 0.000193065 0.533626 9.43256e-05 4896.38 0.0790201 141.482 0.0914843
114 -0.201584 0.0374653 11.0336 0.000193065 0.535749 8.82551e-05 4896.11 0.0739346 140.208 0.129869
115 -0.143208 0.0642539 11.0336 0.000193065 0.522366 0.000102488 4896.31 0.0858585 142.274 0.20321
116 -0.237827 0.0106333 11.0336 0.000193065 0.518686 9.51913e-05 4896.59 0.0797453 143.722 0.131628
117 -0.137136 0.0784261 11.0336 0.000193065 0.510002 0.000110017 4896 0.0921651 143.903 0.214999
118 -0.141544 0.0418667 11.0336 0.000193065 0.52612 8.84955e-05 4896.2 0.074136 142.081 0.180873
119 -0.155589 0.0796038 11.0336 0.000193065 0.497586 9.05294e-05 4893.51 0.0758399 137.157 2.11486e-10
120 -0.165182 0.0259569 11.0336 0.000193065 0.504365 8.47257e-05 4896.47 0.0709779 146.099 0.130186
121 -0.102905 0.115699 11.0336 0.000193065 0.506401 9.12525e-05 4896.4 0.0764457 144.881 0.318776
122 -0.166356 0.0257018 11.0336 0.000193065 0.493042 8.52425e-05 4896.25 0.0714109 147.59 0.143961
123 -0.192598 0.00848407 11.0336 0.000193065 0.488832 8.24226e-05 4896.23 0.0690486 148.573 0.133877
124 -0.157013 0.0433965 11.0336 0.000193065 0.494889 8.1739e-05 4896.44 0.0684759 147.152 0.0842123
125 -0.162936 0.014093 11.0336 0.000193065 0.47761 8.00704e-05 4896.02 0.067078 140.017 14.372
126 -0.103773 0.000902972 11.0336 0.000193065 0.474125 7.99216e-05 4896.57 0.0669533 150.351 5.44084e-10
127 -0.12677 0.0938667 11.0336 0.000193065 0.479503 8.0468e-05 4896.21 0.0674111 149.728 0.0920246
128 -0.154329 0.0628953 11.0336 0.000193065 0.464304 7.46424e-05 4896.17 0.0625308 153.573 0.213019
129 -0.122273 0.0563557 11.0336 0.000193065 0.462025 6.9773e-05 4895.86 0.0584515 142.003 16.2424
130 -0.0841613 0.0323398 11.0336 0.000193065 0.44753 8.85676e-05 4895.81 0.0741964 156.594 0.214068
131 -0.0977062 0.0594166 11.0336 0.000193065 0.449523 8.84085e-05 4896.14 0.0740632 155.821 0.35782
132 -0.130501 0.0464979 11.0336 0.000193065 0.442268 7.53392e-05 4895.8 0.0631145 158.903 0.242
133 -0.170889 0.0146431 11.0336 0.000193065 0.427188 7.84373e-05 4895.74 0.0657099 162.649 0.299572
134 -0.150334 0.0481898 11.0336 0.000193065 0.422489 8.62128e-05 4895.82 0.0722238 165.376 0.206493
135 -0.668897 0.00405605 11.0336 0.000193065 0.521387 0.00010036 4897.07 0.0840753 66.3726 0.225184
136 -0.668897 0.00405605 11.0336 0.000193065 0.508769 9.49171e-05 4896.94 0.0795157 63.9502 0.0637586
137 -0.668897 0.00405605 11.0336 0.000193065 0.508806 0.000103988 4897 0.087115 62.1425 0.146226
138 -0.668897 0.00405605 11.0336 0.000193065 0.51656 9.70196e-05 4897.23 0.081277 60.754 0.024118
139 -0.668897 0.00405605 11.0336 0.000193065 0.521654 0.000108867 4897.13 0.0912019 66.6463 0.0867497
140 -0.668897 0.00405605 11.0336 0.000193065 0.511094 0.000113086 4897.14 0.0947367 64.21 0.0130944
141 -0.668897 0.00405605 11.0336 0.000193065 0.508867 9.36259e-05 4897.05 0.078434 62.3899 0.117458
142 -0.668897 0.00405605 11.0336 0.000193065 0.512196 0.000112497 4897.17 0.094243 61.0277 0.133965
143 -0.668897 0.00405605 11.0336 0.000193065 0.727934 0.000167512 4897.37 0.140331 56.6079 0.0380499
144 -0.668897 0.00405605 11.0336 0.000193065 0.736647 0.000169534 4888.31 0.142025 67.4347 2.4056e-11
145 -0.668897 0.00405605 11.0336 0.000193065 0.730446 0.000186587 4897.41 0.156311 52.1404 0.0983253
146 -0.668897 0.00405605 11.0336 0.000193065 0.738695 0.000218224 4897.36 0.182815 50.8443 0.0631806
147 -0.668897 0.00405605 11.0336 0.000193065 0.732213 0.000191989 4897.43 0.160837 56.9027 0.327116
148 -0.668897 0.00405605 11.0336 0.000193065 0.723986 0.000167973 4897.38 0.140717 54.3236 0.0210948
149 -0.668897 0.00405605 11.0336 0.000193065 0.71874 0.00016202 4897.38 0.13573 52.3764 0.0147972
150 -0.668897 0.00405605 11.0336 0.000193065 0.71875 0.000165789 4897.42 0.138888 50.9777 0.0303132
151 -0.668897 0.00405605 11.0336 0.000193065 0.520714 9.74679e-05 4896.89 0.0816525 52.1678 0.294559
152 -0.668897 0.00405605 11.0336 0.000193065 0.507308 9.34676e-05 4896.91 0.0783014 47.1819 0.0850343
153 -0.668897 0.00405605 11.0336 0.000193065 0.505138 8.71498e-05 4896.94 0.0730087 43.8896 0.147378
154 -0.668897 0.00405605 11.0336 0.000193065 0.511111 0.000103 4896.95 0.0862874 41.313 0.161855
155 -0.668897 0.00405605 11.0336 0.000193065 0.519384 0.000116488 4896.93 0.0975862 51.7145 0.0864169
156 -0.668897 0.00405605 11.0336 0.000193065 0.507954 9.22503e-05 4896.93 0.0772816 47.3868 0.165228
157 -0.668897 0.00405605 11.0336 0.000193065 0.506807 8.91391e-05 4896.95 0.0746752 43.5851 0.13277
158 -0.668897 0.00405605 11.0336 0.000193065 0.507402 0.000101674 4897.03 0.0851766 41.3609 0.184605
159 -0.668897 0.00405605 11.0336 0.000193065 0.723311 0.000165375 4897.3 0.138541 42.0314 0.0404876
160 -0.668897 0.00405605 11.0336 0.000193065 0.719065 0.000166361 4897.36 0.139367 37.9143 0.173929
161 -0.668897 0.00405605 11.0336 0.000193065 0.710916 0.000171821 4897.51 0.143941 33.8258 0.234425
162 -0.668897 0.00405605 11.0336 0.000193065 0.723534 0.000160622 4897.33 0.134559 31.9017 0.0541648
163 -0.668897 0.00405605 11.0336 0.000193065 0.738101 0.000210732 4897.23 0.176538 42.4472 0.18134
164 -0.668897 0.00405605 11.0336 0.000193065 0.719972 0.000177923 4897.27 0.149053 38.458 0.0565771
165 -0.668897 0.00405605 11.0336 0.000193065 0.713605 0.000188851 4897.29 0.158207 35.062 0.70892
166 -0.668897 0.00405605 11.0336 0.000193065 0.71879 0.000197706 4897.38 0.165626 32.3549 0.0150512
167 -0.668897 0.00405605 11.0336 0.000193065 0.720196 0.000168206 4897.28 0.140913 45.8223 0.0960393
168 -0.668897 0.00405605 11.0336 0.000193065 0.723456 0.000156866 4890.11 0.131412 54.4973 2.70809e-11
169 -0.668897 0.00405605 11.0336 0.000193065 0.709838 0.000150214 4897.31 0.12584 39.1963 0.108965
170 -0.668897 0.00405605 11.0336 0.000193065 0.716091 0.000151551 4897.29 0.12696 36.9739 0.0674771
171 -0.668897 0.00405605 11.0336 0.000193065 0.731752 0.000176128 4884.56 0.147549 65.6445 3.82519e-11
172 -0.668897 0.00405605 11.0336 0.000193065 0.715948 0.000202152 4897.01 0.16935 43.0511 0.599293
173 -0.668897 0.00405605 11.0336 0.000193065 1.69079 6.65398e-07 4811.98 0.000557429 36.2713 0.0728859
174 -0.668897 0.00405605 11.0336 0.000193065 0.731938 0.000273116 4907.61 0.228799 37.0211 0.0343517
175 -0.668897 0.00405605 11.0336 0.000193065 0.517159 9.80254e-05 4897.02 0.0821196 71.6762 23.5386
176 -0.668897 0.00405605 11.0336 0.000193065 0.50466 8.97079e-05 4896.99 0.0751517 51.1234 0.132652
177 -0.668897 0.00405605 11.0336 0.000193065 0.499771 8.63885e-05 4896.85 0.072371 48.0856 0.211201
178 -0.668897 0.00405605 11.0336 0.000193065 0.508985 9.8163e-05 4897.06 0.0822349 45.9043 0.162209
179 -0.668897 0.00405605 11.0336 0.000193065 0.520624 0.000108917 4897 0.0912437 54.9468 0.153497
180 -0.668897 0.00405605 11.0336 0.000193065 0.507573 0.000106424 4897.1 0.0891556 51.0427 0.127118
181 -0.668897 0.00405605 11.0336 0.000193065 0.519122 0.000515419 4897.26 0.431786 47.8163 0.0725205
182 -0.668897 0.00405605 11.0336 0.000193065 0.50782 0.000168017 4896.95 0.140754 45.9775 0.203628
183 -0.668897 0.00405605 11.0336 0.000193065 0.730549 0.000170893 4897.43 0.143164 60.2733 0.0470999
184 -0.668897 0.00405605 11.0336 0.000193065 0.71964 0.000159105 4897.49 0.133288 58.248 0.0123082
185 -0.668897 0.00405605 11.0336 0.000193065 0.710359 0.0001666 4903.05 0.139567 62.1239 13.6315
186 -0.668897 0.00405605 11.0336 0.000193065 0.727721 0.000181151 4897.42 0.151757 55.4419 0.067366
187 -0.668897 0.00405605 11.0336 0.000193065 0.734803 0.000127792 4897.37 0.107056 60.4 0.0379387
188 -0.668897 0.00405605 11.0336 0.000193065 0.728232 0.000219816 4894.82 0.184149 62.0934 2.59413e-11
189 -0.668897 0.00405605 11.0336 0.000193065 0.723083 0.000186232 4897.44 0.156014 56.6225 0.0330437
190 -0.668897 0.00405605 11.0336 0.000193065 0.73023 0.000208179 4897.41 0.1744 55.4576 0.125464
191 -0.668897 0.00405605 11.0336 0.000193065 0.520741 0.000102977 4897.13 0.0862678 69.6702 0.0507117
192 -0.668897 0.00405605 11.0336 0.000193065 0.508379 9.66802e-05 4897.1 0.0809927 67.7074 0.112781
193 -0.668897 0.00405605 11.0336 0.000193065 0.504413 9.75408e-05 4897.1 0.0817136 66.2003 0.109062
194 -0.668897 0.00405605 11.0336 0.000193065 0.517592 0.000103629 4897.22 0.0868142 65.2045 0.102827
195 -0.668897 0.00405605 11.0336 0.000193065 0.529276 0.000115512 4897.11 0.0967687 70.0651 0.0281457
196 -0.668897 0.00405605 11.0336 0.000193065 0.515224 9.13196e-05 4897.11 0.0765019 67.9584 0.0304187
197 -0.668897 0.00405605 11.0336 0.000193065 0.513212 9.52751e-05 4897.18 0.0798156 66.4493 0.174309
198 -0.668897 0.00405605 11.0336 0.000193065 0.521589 0.00010744 4897.23 0.0900066 65.2658 0.129925
