plik	det	theta	t0	L0	L1
1  1  0.0000  0.0000  0.000  0.0000
2  2  0.0000  0.0000  0.000  0.0000
3  3  131.2107  -0.0880  11.102  0.5646
4  4  132.7374  -0.1661  11.102  0.5455
5  5  133.5272  0.1743  11.102  0.5411
6  6  133.4408  -0.1410  11.102  0.5467
7  7  132.9366  0.2809  11.102  0.5413
8  8  131.2881  0.0227  11.102  0.5742
9  9  133.5916  -0.0083  11.102  0.5346
10  10  134.6061  -0.1893  11.102  0.5357
11  11  135.2363  -0.1563  11.102  0.5274
12  12  134.7880  0.0204  11.102  0.5334
13  13  133.5928  -0.1502  11.102  0.5458
14  14  134.9543  -0.0846  11.102  0.5229
15  15  136.6226  0.0044  11.102  0.5060
16  16  137.2482  -0.1706  11.102  0.5021
17  17  136.7844  -0.0137  11.102  0.5062
18  18  135.4295  -0.0149  11.102  0.5250
19  19  136.8232  -0.1700  11.102  0.5019
20  20  138.3156  -0.0979  11.102  0.4952
21  21  138.9590  -0.0796  11.102  0.4913
22  22  138.4547  -0.0299  11.102  0.4944
23  23  139.3049  -0.1245  11.102  0.4896
24  24  140.7177  0.0887  11.102  0.4770
25  25  140.8590  -0.0503  11.102  0.4763
26  26  139.9472  0.0935  11.102  0.4755
27  27  141.4158  0.0008  11.102  0.4671
28  28  143.0636  -0.0622  11.102  0.4540
29  29  142.9572  -0.0889  11.102  0.4611
30  30  141.8910  -0.0006  11.102  0.4632
31  31  144.2585  -0.1818  11.102  0.4528
32  32  145.4072  -0.0017  11.102  0.4428
33  33  144.7608  -0.0211  11.102  0.4455
34  34  146.9043  0.0585  11.102  0.4289
35  35  147.6018  -0.1662  11.102  0.4345
36  36  146.7897  -0.0248  11.102  0.4379
37  37  149.1065  0.0540  11.102  0.4130
38  38  150.0436  -0.0790  11.102  0.4220
39  39  149.4822  0.1048  11.102  0.4164
40  40  152.6909  0.0008  11.102  0.3990
41  41  152.4619  -0.0121  11.102  0.4091
42  42  155.3250  -0.0078  11.102  0.3936
43  43  155.0674  -0.1721  11.102  0.3995
44  44  161.1934  -0.1041  11.102  0.3754
45  45  158.5651  -0.0694  11.102  0.3762
46  46  123.5794  0.0233  11.102  0.3647
47  47  131.5219  -0.0756  11.102  0.5624
48  48  133.0972  -0.0203  11.102  0.5369
49  49  133.6565  0.0205  11.102  0.5383
50  50  133.6488  -0.1145  11.102  0.5370
51  51  132.6642  -0.0431  11.102  0.5474
52  52  131.0861  -0.0372  11.102  0.5696
53  53  133.9615  -0.0550  11.102  0.5301
54  54  135.1986  0.0369  11.102  0.5176
55  55  135.3307  -0.0851  11.102  0.5249
56  56  134.7078  -0.1290  11.102  0.5300
57  57  133.4359  -0.2210  11.102  0.5407
58  58  135.4639  -0.0615  11.102  0.5160
59  59  136.7938  -0.0879  11.102  0.5079
60  60  137.2485  -0.0098  11.102  0.5026
61  61  136.8545  0.0864  11.102  0.4998
62  62  135.3535  -0.1096  11.102  0.5200
63  63  137.2616  -0.1263  11.102  0.4986
64  64  138.6709  -0.0310  11.102  0.4919
65  65  139.1406  -0.1400  11.102  0.4877
66  66  138.4600  -0.0694  11.102  0.4923
67  67  140.1669  -0.0660  11.102  0.4688
68  68  141.0385  -0.1600  11.102  0.4734
69  69  141.0104  -0.1053  11.102  0.4713
70  70  139.5837  0.0738  11.102  0.4750
71  71  141.9951  -0.1170  11.102  0.4601
72  72  143.1898  -0.1463  11.102  0.4566
73  73  143.4221  0.0165  11.102  0.4481
74  74  141.7789  -0.1538  11.102  0.4619
75  75  145.0117  -0.0561  11.102  0.4390
76  76  145.6313  -0.1026  11.102  0.4402
77  77  144.4376  -0.0388  11.102  0.4513
78  78  147.1774  -0.1041  11.102  0.4292
79  79  148.0719  -0.0608  11.102  0.4249
80  80  146.9876  -0.1421  11.102  0.4295
81  81  149.4627  -0.1439  11.102  0.4208
82  82  150.7415  -0.0126  11.102  0.4087
83  83  149.5295  -0.0761  11.102  0.4130
84  84  152.9256  -0.1051  11.102  0.4015
85  85  153.0164  -0.0836  11.102  0.3979
86  86  155.8288  -0.1536  11.102  0.3903
87  87  155.4271  -0.1415  11.102  0.3926
88  88  158.0521  -0.1757  11.102  0.3847
89  89  161.7897  -0.1420  11.102  0.3708
90  90  164.6783  -0.2127  11.102  0.3639
91  91  132.0571  -0.1657  11.102  0.5639
92  92  133.4890  -0.0427  11.102  0.5411
93  93  134.4434  -0.1190  11.102  0.5256
94  94  133.9824  -0.1817  11.102  0.5403
95  95  132.9873  -0.1024  11.102  0.5490
96  96  131.5313  -0.0896  11.102  0.5637
97  97  134.6131  0.0986  11.102  0.5230
98  98  135.7089  -0.1907  11.102  0.5156
99  99  135.9702  -0.1675  11.102  0.5170
100  100  135.3952  -0.1986  11.102  0.5219
101  101  133.8592  -0.1048  11.102  0.5377
102  102  135.9992  -0.0515  11.102  0.5126
103  103  137.3955  -0.1687  11.102  0.5046
104  104  137.8197  -0.1657  11.102  0.4984
105  105  136.9659  -0.1714  11.102  0.5106
106  106  135.6988  0.0880  11.102  0.5175
107  107  137.7523  -0.1168  11.102  0.5020
108  108  139.4161  -0.1454  11.102  0.4858
109  109  139.5378  -0.2126  11.102  0.4904
110  110  138.8583  -0.1172  11.102  0.4916
111  111  140.3295  -0.2314  11.102  0.4834
112  112  141.5871  -0.2204  11.102  0.4738
113  113  141.4233  -0.1791  11.102  0.4727
114  114  140.0657  -0.1804  11.102  0.4789
115  115  142.5376  -0.1309  11.102  0.4593
116  116  143.5449  -0.2225  11.102  0.4623
117  117  143.8657  -0.1172  11.102  0.4488
118  118  142.0205  -0.1221  11.102  0.4646
119  119  145.3938  -0.1422  11.102  0.4453
120  120  146.1428  -0.1552  11.102  0.4406
121  121  145.0971  -0.0874  11.102  0.4452
122  122  147.8048  -0.1516  11.102  0.4303
123  123  148.7777  -0.1841  11.102  0.4203
124  124  147.2581  -0.1474  11.102  0.4320
125  125  150.1226  -0.1541  11.102  0.4193
126  126  151.0744  -0.0868  11.102  0.4139
127  127  149.8963  -0.1105  11.102  0.4138
128  128  153.4881  -0.1424  11.102  0.4028
129  129  153.2379  -0.1090  11.102  0.4024
130  130  156.4965  -0.0695  11.102  0.3884
131  131  155.9996  -0.0847  11.102  0.3885
132  132  158.7370  -0.1192  11.102  0.3808
133  133  162.3192  -0.1601  11.102  0.3707
134  134  165.7971  -0.1385  11.102  0.3576
135  135  68.5328  11.9309  11.102  0.0822
136  136  66.0759  11.9309  11.102  0.0607
137  137  64.2023  11.9309  11.102  0.0621
138  138  63.0095  11.9309  11.102  0.0703
139  139  68.8924  11.9309  11.102  0.0767
140  140  66.4758  11.9309  11.102  0.0563
141  141  64.3482  11.9309  11.102  0.0584
142  142  63.2069  11.9309  11.102  0.0642
143  143  58.3901  11.9309  11.102  0.2847
144  144  55.9835  11.9309  11.102  0.2864
145  145  54.0382  11.9309  11.102  0.2777
146  146  52.5575  11.9309  11.102  0.2779
147  147  58.6576  11.9309  11.102  0.2921
148  148  56.0683  11.9309  11.102  0.2803
149  149  54.1917  11.9309  11.102  0.2683
150  150  52.6048  11.9309  11.102  0.2771
151  151  53.6979  11.9309  11.102  0.0777
152  152  48.8878  11.9309  11.102  0.0649
153  153  45.2288  11.9309  11.102  0.0572
154  154  42.5075  11.9309  11.102  0.0696
155  155  53.3908  11.9309  11.102  0.0730
156  156  48.8453  11.9309  11.102  0.0635
157  157  44.9307  11.9309  11.102  0.0632
158  158  42.6180  11.9309  11.102  0.0581
159  159  12.4356  11.9309  11.102  0.2869
160  160  39.2247  11.9309  11.102  0.2693
161  161  35.5886  11.9309  11.102  0.2670
162  162  33.0148  11.9309  11.102  0.2773
163  163  43.7686  11.9309  11.102  0.2886
164  164  39.7275  11.9309  11.102  0.2818
165  165  36.0951  11.9309  11.102  0.2727
166  166  33.4339  11.9309  11.102  0.2744
167  167  47.3279  11.9309  11.102  0.2754
168  168  43.5570  11.9309  11.102  0.2732
169  169  40.5095  11.9309  11.102  0.2599
170  170  38.0613  11.9309  11.102  0.2602
171  171  47.3689  11.9309  11.102  0.2845
172  172  43.8513  11.9309  11.102  0.2635
173  173  38.9772  11.9309  11.102  0.7426
174  174  38.2394  11.9309  11.102  0.2710
175  175  56.8123  11.9309  11.102  0.0714
176  176  52.3700  11.9309  11.102  0.0562
177  177  49.5493  11.9309  11.102  0.0518
178  178  47.3334  11.9309  11.102  0.0613
179  179  56.5613  11.9309  11.102  0.0727
180  180  52.8454  11.9309  11.102  0.0580
181  181  49.4121  11.9309  11.102  0.0478
182  182  47.2770  11.9309  11.102  0.0630
183  183  62.4442  11.9309  11.102  0.2832
184  184  60.2015  11.9309  11.102  0.2752
185  185  80.0800  11.9309  11.102  0.2733
186  186  57.3668  11.9309  11.102  0.2847
187  187  62.3822  11.9309  11.102  0.2775
188  188  60.4074  11.9309  11.102  0.2603
189  189  58.6022  11.9309  11.102  0.2698
190  190  57.4606  11.9309  11.102  0.2656
191  191  71.9619  11.9309  11.102  0.0739
192  192  70.0658  11.9309  11.102  0.0641
193  193  68.6195  11.9309  11.102  0.0593
194  194  67.6483  11.9309  11.102  0.0678
195  195  72.4818  11.9309  11.102  0.0806
196  196  70.5244  11.9309  11.102  0.0640
197  197  68.7265  11.9309  11.102  0.0696
198  198  67.6011  11.9309  11.102  0.0814
