 Det	Plik	theta	t0	L0	L1
  1	1	0.00000	-4.2508	11.0550	-2.4594 
  2	2	0.00000	0.0000	11.0550	2.3800  
  3	3	131.457	-0.0934	11.0049	0.6455
  4	4	140.3747	-0.0267	11.0049	0.6282
  5	5	141.2134	-0.0353	11.0049	0.6209
  6	6	140.7300	-0.0054	11.0049	0.6191
  7	7	145.1232	-0.0855	11.0049	0.6308
  8	8	149.6765	0.0730	11.0049	0.6458
  9	9	148.6223	-0.0141	11.0049	0.6170
 10	10	147.0023	0.0768	11.0049	0.6059
 11	11	140.2175	0.0409	11.0049	0.5971
 12	12	140.0547	0.0169	11.0049	0.6067
 13	13	142.0570	-0.0360	11.0049	0.6221
 14	14	145.6361	0.0569	11.0049	0.6019
 15	15	143.2128   0.0580	11.0049	0.5905
 16	16	146.3923	0.0021	11.0049	0.5836
 17	17	144.7746	-0.0295	11.0049	0.5919
 18	18	136.5620	0.0617	11.0049	0.6004
 19	19	149.7671	-0.1210	11.0049	0.5864
 20	20	147.3353	-0.0480	11.0049	0.5743
 21	21	150.6192	-0.0171	11.0049	0.5667
 22	22	145.5506	0.0818	11.0049	0.5713
 23	23	147.2172	-0.0227	11.0049	0.5579
 24	24	148.3278	0.0013	11.0049	0.5560
 25	25	151.7935	-0.0583	11.0049	0.5564
 26	26	145.1655	-0.0027	11.0049	0.5663
 27	27	149.1650	-0.0112	11.0049	0.5440
 28	28	151.7614	-0.1358	11.0049	0.5447
 29	29	154.1767	-0.1501	11.0049	0.5437
 30	30	149.1682	0.0096	11.0049	0.5487
 31	31	157.9091	0.1421	11.0049	0.5233
 32	32	150.0252	0.0143	11.0049	0.5232
 33	33	155.4156	0.0555	11.0049	0.5245
 34	34	156.6057	0.0271	11.0049	0.5091
 35	35	153.2224	-0.0561	11.0049	0.5133
 36	36	152.5295	-0.0005	11.0049	0.5139
 37	37	172.6419	-0.0061	11.0049	0.4987
 38	38	163.2762	-0.0267	11.0049	0.4957
 39	39	156.8846	0.0643	11.0049	0.4986
 40  40	170.4871	-0.0045	11.0049	0.4832
 41	41	171.7404	-0.0190	11.0049   0.4870
 42	42	170.8581	-0.0660	11.0049	0.4697
 43	43	179.9985	-0.0596	11.0049	0.4759
 44	44	180.0000	-0.0958	11.0049	0.4531
 45	45	180.0000	-0.0158	11.0049	0.4628
 46	46	180.0000	-0.1208	11.0049	0.4421
 47	47	146.3999	-0.9780	11.0049	0.6662
 48	48	141.5078	-0.2349	11.0049	0.6337
 49	49	138.9501	-0.0896	11.0049	0.6207
 50	50	139.3303	-0.2586	11.0049	0.6269
 51	51	137.6441	-0.2502	11.0049	0.6352
 52	52	136.5587	-10.2330	11.0049	0.9557
 53	53	143.5518	-0.3955	11.0049	0.6277
 54	54	142.5048	-0.2284	11.0049	0.6120
 55	55	142.6604	-3.9100	11.0049	0.7184
 56	54	141.6633	-0.1115	11.0049	0.6079
 57	57	138.2178	-0.2387	11.0049	0.6242
 58	58	146.3480	-0.3250	11.0049	0.6052
 59	59	141.8653	-0.2069	11.0049	0.5921
 60	60	141.0958	-0.0679	11.0049	0.5868
 61	61	141.4791	-0.0657	11.0049	0.5937
 62	62	138.3902	-0.1074	11.0049	0.6062
 63	63	152.7150	-0.2424	11.0049	0.5862
 64	64	142.7900	-0.1489	11.0049	0.5692
 65	65	145.0076	-0.1801	11.0049	0.5710
 66	66	147.2023	-0.1345	11.0049	0.5770
 67	67	146.1000	-0.1417	11.0049	0.5601
 68  68	141.349	-0.2019	11.0049	0.5565
 69	69	144.9756	-0.1862	11.0049	0.5582
 70	70	146.1043	-0.1800	11.0049	0.5693
 71	71	151.7412	-0.1535	11.0049	0.5401
 72	72	148.2679	-0.1619	11.0049	0.5361
 73	73	152.9178	-0.1817	11.0049	0.5399
 74	74	145.5186	-0.2245	11.0049	0.5520
 75	75	157.7048	-0.1452	11.0049	0.5245
 76	76	151.6929	-0.1747	11.0049	0.5249
 77	77	143.3705	-0.2199	11.0049	0.5314
 78	78	168.5912	-0.1400	11.0049	0.5127
 79	79	152.1646	-0.1991	11.0049	0.5110
 80	80	150.7875	-0.2277	11.0049	0.5176
 81	81	161.3115	-0.4173	11.0049	0.5055
 82	82	160.8451	-0.2635	11.0049	0.4969
 83	83	152.7663	-0.3263	11.0049	0.5089
 84	84	167.3018	-0.1839	11.0049	0.4814
 85	85	167.2007	-0.3387	11.0049	0.4896
 86	86	180.0000	-0.2715	11.0049	0.4749
 87	87	167.1287	-0.4646	11.0049	0.4840
 88	88	164.1264	-1.1805	11.0049	0.4948
 89	89	180.0000	-1.1632	11.0049	0.4800
 90	90	180.0000	-3.3542  	11.0049	0.5410
 91	91	139.1311	-0.1141	11.0049	0.6397
 92	92	138.9137	-0.1268	11.0049	0.6259
 93	93	136.4172	-0.0808	11.0049	0.6126
 94	94	135.5462	-0.1704	11.0049	0.6185
 95	95	131.6851	-0.1632	11.0049	0.6293
 96	96	134.8718	-0.1974	11.0049   	0.6513
 97	97	143.5891	-0.1323	11.0049	0.6216
 98	98	142.2786	-0.1244	11.0049	0.5993
 99	99	145.1764	-0.1051	11.0049	0.5961
100	100	150.7123	-0.0726	11.0049	0.6095
101	101	156.0359	-0.1870	11.0049	0.6197
102	102	145.7115	-0.0741	11.0049	0.5955
103	103	151.7854	-0.1351	11.0049	0.5878
104	104	161.8779	-0.1301	11.0049	0.5826
105	105	152.8596	-0.0754	11.0049	0.5899
106	106	152.3166	-0.4029	11.0049	0.6083
107	107	137.1227	-0.1038	11.0049	0.5806
108	108	127.4167	-0.0887	11.0049	0.5648
109	109	120.9187	-0.1582	11.0049	0.5652
110	110	132.9466	-0.0114	11.0049	0.5709
111	111	133.1296	-0.1246	11.0049	0.5583
112	112	131.1438	-0.1038	11.0049	0.5524
113	113	126.9002	-0.1410	11.0049	0.5511
114	114	127.3310	-0.1849	11.0049	0.5644
115	115	148.2272	-0.1553	11.0049	0.5440
116	116	144.7906	-0.0777	11.0049	0.5356
117	117	142.9549	-0.1097	11.0049	0.5335
118	118	140.9506	-0.1008	11.0049	0.5462
119	119	148.9455	0.1288	11.0049	0.5194
120	120	146.512	-0.0795	11.0049	0.5241
121	121	145.2536	-0.0385	11.0049	0.5261
122	122	157.6079	-0.1314	11.0049	0.5128
123	123	151.4223	-0.0938	11.0049	0.5073
124	124	144.0534	-0.1093	11.0049	0.5136
125	125	160.8602	-0.1654	11.0049	0.4984
126	126	153.5338	-0.1071	11.0049	0.4979
127	127	152.8109	-0.1669	11.0049	0.5034
128	128	180.0000	-0.0789	11.0049	0.4811
129	129	155.7077	-0.1555	11.0049	0.4844
130	130	157.143	-0.1427	11.0049	0.4708
131	131	156.442	-0.1125	11.0049	0.4707
132	132	159.626	-0.1487	11.0049	0.4616
133	133	163.455	-0.1560	11.0049	0.4508
134	134	166.875	-0.1347	11.0049	0.4405
135	135	66.3028	-0.198189	11.0049	0.534776
136	136	63.9018	-0.198189	11.0049	0.522908
137	137	62.2877	-0.198189	11.0049	0.513927
138	138	60.9558	-0.198189	11.0049	0.5254
139	139	66.5933	-0.198189	11.0049	0.528882
140	140	64.2826	-0.198189	11.0049	0.520292
141	141	62.3771	-0.198189	11.0049	0.516937
142	142	61.1141	-0.198189	11.0049	0.526719
143	143	56.6037	-0.198189	11.0049	0.745883
144	144	54.3071	-0.198189	11.0049	0.734394
145	145	52.4487	-0.198189	11.0049	0.73152
146	146	51		-0.198189	11.0049	0.734538
147	147	56.5772	-0.198189	11.0049	0.745803
148	148	54.4478	-0.198189	11.0049	0.735631
149	149	52.6024	-0.198189	11.0049	0.734699
150	150	51.0514	-0.198189	11.0049	0.739116
151	151	52.0967	-0.198189	11.0049	0.527069
152	152	47.2354	-0.198189	11.0049	0.516856
153	153	43.9995	-0.198189	11.0049	0.513364
154	154	41.3572	-0.198189	11.0049	0.522349
155	155	51.8489	-0.198189	11.0049	0.53113
156	156	47.304	-0.198189	11.0049	0.51585
157	157	43.7479	-0.198189	11.0049	0.515791
158	158	41.1941	-0.198189	11.0049	0.520767
159	159	42.2898	-0.198189	11.0049	0.732871
160	160	38.1413	-0.198189	11.0049	0.724261
161	161	36.5826	-0.198189	11.0049	0.726958
162	162	32.0468	-0.198189	11.0049	0.731392
163	163	42.5061	-0.198189	11.0049	0.738534
164	164	38.7768	-0.198189	11.0049	0.733576
165	165	34.7499	-0.198189	11.0049	0.728475
166	166	32.5457	-0.198189	11.0049	0.731388
167	167	45.9431	-0.198189	11.0049	0.730929
168	168	42.4009	-0.198189	11.0049	0.721133
169	169	39.4228	-0.198189	11.0049	0.723341
170	170	37.0308	-0.198189	11.0049	0.723743
171	171	45.9746	-0.198189	11.0049	0.735741
172	172	42.6155	-0.198189	11.0049	0.725498
173	173	37.4212	-0.198189	11.0049	0.736236
174	174	37.171	-0.198189	11.0049	0.730685
175	175	55.0852	-0.198189	11.0049	0.523516
176	176	51.0652	-0.198189	11.0049	0.511367
177	177	48.0414	-0.198189	11.0049	0.510688
178	178	45.9759	-0.198189	11.0049	0.514187
179	179	54.881	-0.198189	11.0049	0.528325
180	180	51.1956	-0.198189	11.0049	0.512578
181	181	48.0335	-0.198189	11.0049	0.486485
182	182	45.9471	-0.198189	11.0049	0.517757
183	183	60.339	-0.198189	11.0049	0.746496
184	184	58.3111	-0.198189	11.0049	0.735198
185	185	56.7141	-0.198189	11.0049	0.735651
186	186	55.5712	-0.198189	11.0049	0.741823
187	187	60.3392	-0.198189	11.0049	0.745321
188	188	58.411	-0.198189	11.0049	0.727954
189	189	56.808	-0.198189	11.0049	0.72734
190	190	55.6244	-0.198189	11.0049	0.731304
191	191	69.5765	-0.198189	11.0049	0.532008
192	192	67.7144	-0.198189	11.0049	0.516059
193	193	66.1939	-0.198189	11.0049	0.517317
194	194	65.1657	-0.198189	11.0049	0.523885
195	195	70.1056	-0.198189	11.0049	0.537542
196	196	67.9954	-0.198189	11.0049	0.524751
197	197	66.4993	-0.198189	11.0049	0.522274
198	198	65.3644	-0.198189	11.0049	0.527034

                                                                                                                 
