
  9.000000       63.75000       7.471000    
  10.00000       67.47000       6.685000    
  11.00000       47.71000       7.147000    
  12.00000       41.70000       7.075000    
  13.00000       55.71000       6.945000    
  14.00000       54.41000       7.397000    
  15.00000       62.26000       7.038000    
  16.00000       50.32000       6.925000    
  17.00000       55.80000       6.447000    
  18.00000       53.73000       7.071000    
  19.00000       67.87000       7.219000    
  20.00000       63.57000       6.406000    
  21.00000       33.85000       7.211000    
  22.00000       55.94000       7.378000    
  23.00000       62.25000       6.482000    
  24.00000       42.96000       7.152000    
  25.00000       65.53000       6.138000    
  26.00000       56.15000       6.384000    
  27.00000       85.36000       6.350000    
  28.00000       38.36000       6.772000    
  29.00000       15.29000       7.023000    
  30.00000       50.91000       5.978000    
  31.00000       37.39000       8.318000    
  32.00000       48.69000       6.692000    
  33.00000       30.32000       6.854000    
  34.00000       59.22000       5.774000    
  35.00000       37.86000       6.306000    
  36.00000       40.46000       6.755000    
  37.00000       57.32000       5.895000    
  38.00000       54.37000       5.755000    
  39.00000       31.67000       6.741000    
  40.00000       59.56000       5.179000    
  41.00000       42.28000       5.886000    
  42.00000       64.84000       5.260000    
  43.00000       56.88000       5.982000    
  44.00000       56.64000       4.953000    
  45.00000       45.47000       5.638000    
  46.00000       67.74000       5.291000    
  47.00000       71.73000       9.299000    
  48.00000       40.31000       8.531000    
  49.00000       61.37000       7.656000    
  50.00000       48.61000       8.451000    
  51.00000       65.13000       7.594000    
  52.00000       27.65000       9.608000    
  53.00000       70.49000       7.324000    
  54.00000       50.81000       8.193000    
  55.00000       50.81000       8.193000    
  56.00000       61.31000       7.315000    
  57.00000       60.31000       7.710000    
  58.00000       59.09000       7.177000    
  59.00000       55.21000       7.434000    
  60.00000       44.59000       7.273000    
  61.00000       17.55000       15.56000    
  62.00000       42.19000       7.793000    
  63.00000       84.92000       7.270000    
  64.00000       41.03000       7.148000    
  65.00000       44.35000       6.847000    
  66.00000       39.81000       7.417000    
  67.00000       62.30000       6.503000    
  68.00000       39.61000       6.822000    
  69.00000       54.84000       6.679000    
  70.00000       27.87000       7.906000    
  71.00000       75.79000       6.118000    
  72.00000       5.602000       25.01000    
  73.00000       25.17000       6.943000    
  74.00000      0.2066000       86.22000    
  75.00000       53.24000       6.126000    
  76.00000       10.43000       12.08000    
  77.00000       4.404000       19.18000    
  78.00000       47.78000       6.511000    
  79.00000       8.247000       13.28000    
  80.00000      0.1897000       42.66000    
  81.00000       53.32000       6.020000    
  82.00000       61.63000       5.702000    
  83.00000      9.3489997E-02   33.96000    
  84.00000       58.11000       5.577000    
  85.00000      9.1849998E-02   35.24000    
  86.00000       61.21000       5.332000    
  87.00000       27.08000       6.144000    
  88.00000       40.83000       5.964000    
  89.00000       57.57000       5.200000    
  90.00000       35.15000       5.957000    