
  1.000000       106.0000       11.36000    
  2.000000       69.00000       11.02000    
  3.000000       73.29000       12.00000    
  4.000000       38.29000       11.60000    
  5.000000       80.72000       10.97000    
  6.000000       79.52000       11.98000    
  7.000000       103.2000       17.32000    
  8.000000       82.55000       9.812000    
  9.000000       83.91000       9.089000    
  10.00000       70.21000       10.88000    
  11.00000       58.45000       11.01000    
  12.00000       77.63000       11.10000    
  13.00000       63.07000       10.05000    
  14.00000       100.3000       8.867000    
  15.00000       84.68000       9.953000    
  16.00000       53.06000       9.971000    
  17.00000       90.49000       9.808000    
  18.00000       77.41000       10.49000    
  19.00000       65.80000       9.730000    
  20.00000       66.66000       8.274000    
  21.00000       74.36000       8.781000    
  22.00000       59.96000       9.800000    
  23.00000       47.24000       8.981000    
  24.00000       51.70000       8.600000    
  25.00000       89.53000       10.01000    
  26.00000       67.40000       8.782000    
  27.00000       95.01000       11.51000    
  28.00000       68.91000       8.916000    
  29.00000       88.96000       9.179000    
  30.00000       104.5000       7.823000    
  31.00000       41.78000       9.398000    
  32.00000       66.24000       8.200000    
  33.00000       69.58000       8.650000    
  34.00000       67.90000       8.042000    
  35.00000       79.50000       7.807000    
  36.00000       74.13000       6.564000    
  37.00000       41.15000       8.166000    
  38.00000       80.52000       8.214000    
  39.00000      1.4420000E-02   583.3000    
  40.00000       86.49000       9.224000    
  41.00000       21.27000       8.982000    
  42.00000       4.653000       55.33000    
  43.00000       59.72000       8.720000    
  44.00000       66.46000       8.669000    