
  1.000000       83.61000       7.417000    
  2.000000       79.77000       7.279000    
  3.000000       73.50000       7.437000    
  4.000000       69.71000       6.754000    
  5.000000       74.52000       7.659000    
  6.000000       73.54000       7.652000    
  7.000000       74.49000       7.375000    
  8.000000       83.60000       7.725000    
  9.000000       10.99000       41.69000    
  10.00000       69.34000       10.83000    
  11.00000       82.46000       5.293000    
  12.00000       1.833000       109.2000    
  13.00000       58.37000       26.30000    
  14.00000       58.52000       10.79000    
  15.00000       70.02000       10.06000    
  16.00000       61.68000       10.92000    
  17.00000       60.44000       7.052000    
  18.00000       79.83000       7.042000    
  19.00000       71.05000       6.722000    
  20.00000       71.69000       7.186000    
  21.00000       54.33000       8.077000    
  22.00000       50.65000       7.405000    
  23.00000       54.71000       6.161000    
  24.00000       71.09000       7.058000    
  25.00000       82.95000       11.30000    
  26.00000       37.02000       11.29000    
  27.00000       63.17000       10.88000    
  28.00000       2.210000       90.12000    
  29.00000       97.43000       14.82000    
  30.00000       64.46000       11.77000    
  31.00000       85.83000       12.72000    
  32.00000       92.19000       12.32000    
  33.00000       91.00000       10.46000    
  34.00000       74.80000       9.373000    
  35.00000       88.78000       10.01000    
  36.00000       44.52000       27.71000    
  37.00000       81.37000       11.50000    
  38.00000       16.32000       31.32000    
  39.00000       38.31000       146.4000    
  40.00000       115.1000       56.79000    
  41.00000       85.76000       6.699000    
  42.00000       81.52000       6.168000    
  43.00000       65.93000       6.669000    
  44.00000       79.46000       6.934000    
  45.00000       92.26000       8.390000    
  46.00000       62.56000       7.823000    
  47.00000       42.34000       180.7000    
  48.00000       50.91000       11.48000    
  49.00000       87.07000       9.800000    
  50.00000       90.00000       3.673000    
  51.00000       91.20000       4.423000    
  52.00000       81.27000       12.25000    
  53.00000       69.56000       12.04000    
  54.00000       100.1000       21.44000    
  55.00000       33.23000       31.52000    
  56.00000       74.63000       18.71000    
  57.00000       71.86000       7.087000    
  58.00000       72.85000       6.975000    
  59.00000       68.38000       7.116000    
  60.00000       85.58000       6.830000    
  61.00000       61.97000       8.680000    
  62.00000       75.07000       6.657000    
  63.00000       69.82000       6.729000    
  64.00000       87.69000       8.240000    