
  9.000000       128.2000       6.738000    
  10.00000       134.1000       6.145000    
  11.00000       148.1000       5.231000    
  12.00000       149.8000       4.807000    
  13.00000       147.9000       5.787000    
  14.00000       126.6000       6.115000    
  15.00000       133.5000       6.062000    
  16.00000       144.6000       5.088000    
  17.00000       145.6000       5.138000    
  18.00000       146.6000       5.549000    
  19.00000       120.6000       6.891000    
  20.00000       126.2000       5.634000    
  21.00000       158.4000       4.173000    
  22.00000       146.0000       5.788000    
  23.00000       129.0000       5.673000    
  24.00000       142.0000       4.794000    
  25.00000       134.0000       5.435000    
  26.00000       143.2000       5.221000    
  27.00000       99.02000       7.022000    
  28.00000       138.6000       4.234000    
  29.00000       156.8000       2.828000    
  30.00000       143.6000       4.398000    
  31.00000       130.1000       5.372000    
  32.00000       139.4000       4.857000    
  33.00000       149.4000       3.647000    
  34.00000       124.0000       4.882000    
  35.00000       142.2000       3.839000    
  36.00000       135.7000       4.418000    
  37.00000       121.3000       4.948000    
  38.00000       139.1000       4.330000    
  39.00000       136.4000       3.681000    
  40.00000       130.8000       4.132000    
  41.00000       139.2000       3.726000    
  42.00000       115.9000       4.749000    
  43.00000       126.7000       4.782000    
  44.00000       117.5000       4.043000    
  45.00000       132.3000       3.877000    
  46.00000       104.0000       5.008000    
  47.00000       113.5000       9.533000    
  48.00000       146.4000       5.703000    
  49.00000       142.9000       6.743000    
  50.00000       145.7000       6.323000    
  51.00000       142.0000       6.941000    
  52.00000       171.9000       5.496000    
  53.00000       119.3000       7.150000    
  54.00000       148.5000       6.101000    
  55.00000       148.5000       6.101000    
  56.00000       139.4000       6.304000    
  57.00000       146.2000       6.474000    
  58.00000       122.4000       6.249000    
  59.00000       143.1000       5.927000    
  60.00000       152.4000       4.999000    
  61.00000       163.6000       3.626000    
  62.00000       161.9000       5.129000    
  63.00000       87.92000       8.452000    
  64.00000       142.8000       4.652000    
  65.00000       153.7000       4.590000    
  66.00000       152.2000       4.635000    
  67.00000       129.8000       5.636000    
  68.00000       146.1000       4.439000    
  69.00000       147.6000       5.242000    
  70.00000       160.5000       3.966000    
  71.00000       111.3000       6.209000    
  72.00000       155.8000       2.733000    
  73.00000       151.7000       3.460000    
  74.00000       163.5000       2.538000    
  75.00000       129.2000       4.796000    
  76.00000       152.5000       2.687000    
  77.00000       155.0000       2.487000    
  78.00000       137.2000       4.646000    
  79.00000       154.4000       2.459000    
  80.00000       156.9000       2.367000    
  81.00000       130.7000       4.773000    
  82.00000       136.4000       4.790000    
  83.00000       151.1000       2.279000    
  84.00000       135.1000       4.398000    
  85.00000       156.2000       2.129000    
  86.00000       128.1000       4.450000    
  87.00000       152.1000       3.015000    
  88.00000       141.7000       3.686000    
  89.00000       126.9000       4.240000    
  90.00000       130.2000       3.482000    