
  1.000000       20.09000       11.00000    
  2.000000       20.43000       10.95000    
  3.000000       34.60000       10.13000    
  4.000000       27.46000       9.357000    
  5.000000       39.06000       10.32000    
  6.000000       29.67000       10.47000    
  7.000000       33.45000       10.37000    
  8.000000       12.25000       12.05000    
  9.000000       80.34000       39.79000    
  10.00000       19.66000       16.91000    
  11.00000      3.5379999E-03   9.233000    
  12.00000       92.45000       14.59000    
  13.00000       16.56000       64.96000    
  14.00000       38.42000       15.06000    
  15.00000       17.52000       16.20000    
  16.00000       42.00000       15.27000    
  17.00000       52.61000       8.319000    
  18.00000       21.30000       9.962000    
  19.00000       40.82000       8.903000    
  20.00000       34.90000       9.995000    
  21.00000       74.63000       8.899000    
  22.00000       67.91000       7.829000    
  23.00000       50.25000       6.960000    
  24.00000       37.90000       9.446000    
  25.00000       17.88000       19.22000    
  26.00000       65.27000       11.23000    
  27.00000       45.21000       14.37000    
  28.00000       79.00000       45.50000    
  29.00000       2.166000       28.58000    
  30.00000       45.23000       16.27000    
  31.00000       16.38000       21.82000    
  32.00000       16.44000       20.96000    
  33.00000       3.577000       17.93000    
  34.00000       30.77000       14.84000    
  35.00000       6.207000       17.58000    
  36.00000       64.70000       52.99000    
  37.00000      2.4990001E-04   16.94000    
  38.00000       92.79000       74.45000    
  39.00000       1.054000       544.9000    
  40.00000       1.730000       258.1000    
  41.00000       26.97000       9.674000    
  42.00000       29.12000       9.064000    
  43.00000       40.48000       8.483000    
  44.00000       30.46000       10.25000    
  45.00000       38.58000       11.90000    
  46.00000       55.58000       9.547000    
  47.00000       75.70000       111.1000    
  48.00000       61.64000       14.36000    
  49.00000      7.5160000E-03   14.40000    
  50.00000      8.2239998E-04   4.606000    
  51.00000      1.8860000E-04   3.307000    
  52.00000       4.962000       19.84000    
  53.00000       30.87000       18.96000    
  54.00000      2.4190000E-03   34.90000    
  55.00000       67.93000       68.86000    
  56.00000      5.8990000E-03   36.66000    
  57.00000       30.98000       9.612000    
  58.00000       38.76000       9.221000    
  59.00000       36.28000       9.584000    
  60.00000       8.304000       10.25000    
  61.00000       58.20000       10.63000    
  62.00000       26.80000       9.350000    
  63.00000       29.97000       9.444000    
  64.00000       12.09000       12.48000    