
  1.000000       26.73000       17.65000    
  2.000000       72.26000       13.73000    
  3.000000       82.10000       14.49000    
  4.000000       100.6000       9.844000    
  5.000000       58.98000       15.86000    
  6.000000       87.49000       15.69000    
  7.000000       15.65000       30.92000    
  8.000000       59.90000       13.40000    
  9.000000       68.46000       11.91000    
  10.00000       77.47000       13.42000    
  11.00000       110.2000       11.08000    
  12.00000       47.48000       14.88000    
  13.00000       72.92000       11.55000    
  14.00000       32.62000       12.99000    
  15.00000       57.12000       13.14000    
  16.00000       95.86000       9.049000    
  17.00000       32.19000       14.52000    
  18.00000       53.16000       14.03000    
  19.00000       74.93000       11.39000    
  20.00000       79.83000       9.583000    
  21.00000       45.57000       11.64000    
  22.00000       67.75000       10.90000    
  23.00000       87.58000       8.570000    
  24.00000       94.91000       7.763000    
  25.00000       15.95000       15.28000    
  26.00000       58.52000       10.17000    
  27.00000       38.34000       17.39000    
  28.00000       74.29000       10.49000    
  29.00000       43.08000       13.22000    
  30.00000       7.329000       12.84000    
  31.00000       90.97000       8.146000    
  32.00000       64.81000       9.241000    
  33.00000       66.40000       9.978000    
  34.00000       62.84000       9.547000    
  35.00000       51.73000       10.54000    
  36.00000       54.03000       7.460000    
  37.00000       78.61000       6.894000    
  38.00000       56.59000       10.77000    
  39.00000       99.81000       3.526000    
  40.00000       51.44000       12.92000    
  41.00000       107.7000       5.910000    
  42.00000       115.7000       3.891000    
  43.00000       76.87000       9.185000    
  44.00000       56.79000       10.51000    