
  1.000000       4904.000       3.056000    
  2.000000       4903.000       2.751000    
  3.000000       4899.000       3.046000    
  4.000000       4892.000       2.901000    
  5.000000       4902.000       3.073000    
  6.000000       4901.000       3.157000    
  7.000000       4900.000       4.663000    
  8.000000       4896.000       7.126000    
  9.000000       4896.000       4.453000    
  10.00000       4902.000       2.879000    
  11.00000       4896.000       3.295000    
  12.00000       4902.000       2.732000    
  13.00000       4901.000       3.902000    
  14.00000       4900.000       2.329000    
  15.00000       4892.000       2.689000    
  16.00000       4886.000       9.672000    
  17.00000       4900.000       2.513000    
  18.00000       4904.000       2.940000    
  19.00000       4898.000       2.405000    
  20.00000       4898.000       3.654000    
  21.00000       4901.000       2.203000    
  22.00000       4900.000       2.446000    
  23.00000       4897.000       2.269000    
  24.00000       4905.000       2.326000    
  25.00000       4901.000       2.500000    
  26.00000       4894.000       2.408000    
  27.00000       4903.000       2.745000    
  28.00000       4898.000       2.106000    
  29.00000       5003.000       2.255000    
  30.00000       4893.000       2.081000    
  31.00000       4895.000       2.212000    
  32.00000       4896.000       2.173000    
  33.00000       4895.000       6.300000    
  34.00000       4895.000       2.134000    
  35.00000       4901.000       19.60000    
  36.00000       4893.000       6.399000    
  37.00000       4897.000       1.953000    
  38.00000       4897.000       4.712000    
  39.00000       4900.000       1.702000    
  40.00000       4899.000       4.119000    
  41.00000       4898.000       2.200000    
  42.00000       4899.000       1.919000    
  43.00000       4904.000       2.009000    
  44.00000       4901.000       2.185000    