
  9.000000       4909.000       1.590000    
  10.00000       4897.000       1.432000    
  11.00000       4899.000       1.410000    
  12.00000       4898.000       1.396000    
  13.00000       4897.000       1.442000    
  14.00000       4906.000       1.489000    
  15.00000       4901.000       1.385000    
  16.00000       4898.000       1.277000    
  17.00000       4895.000       1.252000    
  18.00000       4897.000       1.343000    
  19.00000       4908.000       1.521000    
  20.00000       4900.000       1.284000    
  21.00000       4897.000       1.255000    
  22.00000       4898.000       1.430000    
  23.00000       4902.000       1.257000    
  24.00000       4894.000       1.321000    
  25.00000       4895.000       1.192000    
  26.00000       4896.000       1.229000    
  27.00000       4904.000       1.289000    
  28.00000       4900.000       1.183000    
  29.00000       4898.000       1.140000    
  30.00000       4899.000       1.109000    
  31.00000       4904.000       1.572000    
  32.00000       4899.000       1.215000    
  33.00000       4898.000       1.146000    
  34.00000       4902.000       1.147000    
  35.00000       4897.000       1.075000    
  36.00000       4898.000       1.227000    
  37.00000       4906.000       1.160000    
  38.00000       4896.000       1.027000    
  39.00000       4899.000       1.118000    
  40.00000       4898.000      0.9541000    
  41.00000       4899.000      0.9592000    
  42.00000       4902.000       1.017000    
  43.00000       4899.000      0.9620000    
  44.00000       4903.000      0.9516000    
  45.00000       4900.000      0.9682000    
  46.00000       4905.000       1.021000    
  47.00000       4905.000       2.168000    
  48.00000       4900.000       1.677000    
  49.00000       4895.000       1.605000    
  50.00000       4893.000       1.685000    
  51.00000       4895.000       1.724000    
  52.00000       4895.000       1.937000    
  53.00000       4899.000       1.613000    
  54.00000       4896.000       1.497000    
  55.00000       4896.000       1.497000    
  56.00000       4897.000       1.545000    
  57.00000       4896.000       1.561000    
  58.00000       4902.000       1.521000    
  59.00000       4899.000       1.432000    
  60.00000       4897.000       1.364000    
  61.00000       4897.000       1.433000    
  62.00000       4895.000       1.540000    
  63.00000       4903.000       1.635000    
  64.00000       4896.000       1.325000    
  65.00000       4893.000       1.269000    
  66.00000       4894.000       1.301000    
  67.00000       4904.000       1.320000    
  68.00000       4898.000       1.322000    
  69.00000       4896.000       1.309000    
  70.00000       4894.000       1.357000    
  71.00000       4905.000       1.299000    
  72.00000       4896.000       1.275000    
  73.00000       4895.000       1.250000    
  74.00000       4896.000       1.229000    
  75.00000       4902.000       1.183000    
  76.00000       4894.000       1.174000    
  77.00000       4892.000       1.173000    
  78.00000       4899.000       1.161000    
  79.00000       4894.000       1.101000    
  80.00000       4895.000       1.152000    
  81.00000       4900.000       1.142000    
  82.00000       4893.000       1.040000    
  83.00000       4894.000       1.122000    
  84.00000       4897.000       1.015000    
  85.00000       4894.000       1.032000    
  86.00000       4901.000      0.9724000    
  87.00000       4895.000       1.018000    
  88.00000       4897.000      0.9431000    
  89.00000       4898.000      0.9589000    
  90.00000       4903.000      0.9751000    