plik	det	theta	t0	L0	L1
1  1  0.0000  0.0000  0.000  0.0000
2  2  0.0000  0.0000  0.000  0.0000
3  3  131.2408  -0.1758  11.005  0.6603
4  4  132.6283  -0.1093  11.005  0.6472
5  5  133.7142  -0.1007  11.005  0.6303
6  6  133.5652  -0.0606  11.005  0.6381
7  7  133.0222  -0.1456  11.005  0.6350
8  8  131.4724  0.0182  11.005  0.6626
9  9  133.5890  -0.0817  11.005  0.6318
10  10  134.6891  0.0067  11.005  0.6289
11  11  135.3905  -0.0254  11.005  0.6179
12  12  135.0033  -0.0437  11.005  0.6213
13  13  133.6406  -0.0906  11.005  0.6405
14  14  134.9137  -0.0247  11.005  0.6214
15  15  136.5211  -0.0077  11.005  0.6071
16  16  137.1318  -0.0565  11.005  0.6036
17  17  136.7124  -0.0973  11.005  0.6061
18  18  135.5289  0.0003  11.005  0.6178
19  19  136.7904  -0.2217  11.005  0.6027
20  20  138.3511  -0.1112  11.005  0.5909
21  21  139.0831  -0.0864  11.005  0.5836
22  22  138.4980  0.0189  11.005  0.5897
23  23  139.5826  -0.0888  11.005  0.5762
24  24  140.8803  -0.0543  11.005  0.5683
25  25  140.9247  -0.1182  11.005  0.5711
26  26  139.7859  -0.0623  11.005  0.5786
27  27  141.5002  -0.0889  11.005  0.5611
28  28  142.8691  -0.1833  11.005  0.5578
29  29  142.9984  -0.2283  11.005  0.5568
30  30  141.7872  -0.0395  11.005  0.5638
31  31  144.3099  0.0808  11.005  0.5480
32  32  145.4495  -0.0257  11.005  0.5386
33  33  144.7869  0.0014  11.005  0.5417
34  34  146.9964  -0.0286  11.005  0.5233
35  35  147.5916  -0.1124  11.005  0.5318
36  36  146.9810  -0.0566  11.005  0.5293
37  37  149.0445  -0.0656  11.005  0.5119
38  38  150.3038  -0.0934  11.005  0.5122
39  39  149.5320  0.0178  11.005  0.5122
40  40  140.8383  -0.0653  11.005  0.4980
41  41  152.6479  -0.0635  11.005  0.5017
42  42  155.3712  0.0051  11.005  0.4870
43  43  155.1871  -0.1087  11.005  0.4938
44  44  161.0053  -0.1439  11.005  0.4680
45  45  158.2554  -0.0645  11.005  0.4792
46  46  165.3912  -0.1647  11.005  0.4527
47  47  131.6397  -0.1650  11.005  0.6540
48  48  132.9157  -0.1023  11.005  0.6419
49  49  133.8078  -0.0177  11.005  0.6321
50  50  133.5707  -0.1023  11.005  0.6373
51  51  132.6792  -0.1896  11.005  0.6437
52  52  131.1599  0.0112  11.005  0.6630
53  53  133.8331  -0.0224  11.005  0.6325
54  54  135.0962  -0.1577  11.005  0.6191
55  55  135.1720  9.3029  11.005  0.6185
56  56  134.7768  -0.0601  11.005  0.6239
57  57  133.4046  -0.0671  11.005  0.6388
58  58  135.4798  -0.1419  11.005  0.6124
59  59  136.8292  -0.1623  11.005  0.6036
60  60  137.2345  -0.0192  11.005  0.6002
61  61  136.6741  -0.0089  11.005  0.6041
62  62  135.2467  -0.0539  11.005  0.6211
63  63  137.1913  -0.1754  11.005  0.5984
64  64  138.8876  -0.0902  11.005  0.5807
65  65  139.1422  -0.1211  11.005  0.5847
66  66  138.4366  -0.0889  11.005  0.5901
67  67  139.9751  -0.0848  11.005  0.5729
68  68  141.0398  -0.1667  11.005  0.5704
69  69  140.9440  -0.1284  11.005  0.5707
70  70  139.6343  -0.1284  11.005  0.5767
71  71  142.0947  -0.1129  11.005  0.5537
72  72  143.2862  -0.1184  11.005  0.5504
73  73  143.3158  -0.1257  11.005  0.5488
74  74  141.5906  -0.0656  11.005  0.5651
75  75  144.9941  -0.0920  11.005  0.5366
76  76  145.6158  -0.1285  11.005  0.5377
77  77  144.6777  -0.1772  11.005  0.5408
78  78  147.1674  -0.0979  11.005  0.5265
79  79  148.0849  -0.1565  11.005  0.5217
80  80  146.8730  -0.0446  11.005  0.5299
81  81  149.6740  -0.0885  11.005  0.5121
82  82  150.8086  -0.1446  11.005  0.5041
83  83  149.3089  -0.1395  11.005  0.5163
84  84  153.1212  -0.1438  11.005  0.4938
85  85  152.9459  -0.1448  11.005  0.4968
86  86  155.8955  -0.1708  11.005  0.4860
87  87  155.4698  -0.1713  11.005  0.4889
88  88  158.1912  -0.1903  11.005  0.4794
89  89  162.0241  -0.1599  11.005  0.4641
90  90  164.6426  -0.2058  11.005  0.4614
91  91  132.1592  -0.1520  11.005  0.6561
92  92  133.4898  -0.1686  11.005  0.6382
93  93  134.2979  -0.1348  11.005  0.6288
94  94  134.1663  -0.2237  11.005  0.6338
95  95  133.0755  -0.2328  11.005  0.6422
96  96  136.0023  -0.2155  11.005  0.6635
97  97  134.3932  -0.1854  11.005  0.6296
98  98  135.6265  -0.1766  11.005  0.6159
99  99  136.0176  -0.1584  11.005  0.6129
100  100  135.1700  -0.1381  11.005  0.6282
101  101  133.9237  -0.2317  11.005  0.6320
102  102  135.9903  -0.1305  11.005  0.6100
103  103  137.3417  -0.1807  11.005  0.6037
104  104  137.7231  -0.1750  11.005  0.5992
105  105  136.9693  -0.1351  11.005  0.6075
106  106  135.8348  -0.2002  11.005  0.6090
107  107  137.8308  -0.1503  11.005  0.5959
108  108  139.4892  -0.1401  11.005  0.5812
109  109  139.6938  -0.2030  11.005  0.5816
110  110  138.8460  -0.0628  11.005  0.5890
111  111  140.4409  -0.1748  11.005  0.5763
112  112  141.5913  -0.1600  11.005  0.5706
113  113  141.5056  -0.1802  11.005  0.5668
114  114  139.9767  -0.2259  11.005  0.5793
115  115  142.4899  -0.2053  11.005  0.5580
116  116  143.6794  -0.1259  11.005  0.5548
117  117  143.7803  -0.1564  11.005  0.5487
118  118  142.0147  -0.1605  11.005  0.5618
119  119  146.1617  0.1205  11.005  0.5423
120  120  146.0297  -0.1311  11.005  0.5410
121  121  145.0950  -0.0888  11.005  0.5424
122  122  147.7760  -0.1866  11.005  0.5282
123  123  148.5167  -0.1461  11.005  0.5246
124  124  147.2471  -0.1482  11.005  0.5294
125  125  150.2604  -0.2042  11.005  0.5127
126  126  156.2323  -0.1455  11.005  0.5122
127  127  149.6943  -0.2197  11.005  0.5165
128  128  153.5801  -0.1179  11.005  0.4977
129  129  153.3153  -0.2015  11.005  0.4978
130  130  156.6013  -0.1719  11.005  0.4834
131  131  156.0450  -0.1460  11.005  0.4846
132  132  158.8724  -0.1822  11.005  0.4754
133  133  162.4771  -0.1878  11.005  0.4657
134  134  165.7677  -0.1683  11.005  0.4554
135  135  66.1345  -0.2953  11.005  0.5633
136  136  63.7033  -0.2127  11.005  0.5514
137  137  61.9733  -0.1578  11.005  0.5424
138  138  60.8165  -0.1936  11.005  0.5539
139  139  66.4785  -0.2725  11.005  0.5574
140  140  64.0961  -0.1813  11.005  0.5488
141  141  62.0697  -0.2116  11.005  0.5454
142  142  60.8483  -0.2541  11.005  0.5705
143  143  56.3490  -0.2619  11.005  0.7865
144  144  54.1541  -0.2745  11.005  0.7629
145  145  52.2593  -0.3516  11.005  0.7600
146  146  50.7175  -0.2292  11.005  0.7852
147  147  56.6069  -0.1327  11.005  0.7743
148  148  54.2031  -0.1470  11.005  0.7641
149  149  52.3446  -0.2969  11.005  0.7632
150  150  50.8401  -0.2605  11.005  0.7676
151  151  51.9268  -0.1328  11.005  0.5556
152  152  47.2565  -0.1044  11.005  0.5453
153  153  43.7497  -0.1984  11.005  0.5419
154  154  41.1649  -0.1614  11.005  0.5508
155  155  51.5441  -0.2106  11.005  0.5596
156  156  47.2387  -0.1845  11.005  0.5443
157  157  43.4446  -0.2981  11.005  0.5443
158  158  41.2098  -0.1739  11.005  0.5493
159  159  42.0203  -0.0801  11.005  0.7614
160  160  37.9691  -0.0841  11.005  0.7527
161  161  34.3688  -0.0966  11.005  0.7753
162  162  31.9865  -0.1244  11.005  0.7599
163  163  42.4081  -0.1029  11.005  0.7670
164  164  38.4882  -0.1959  11.005  0.7621
165  165  35.1157  -0.3667  11.005  0.7570
166  166  32.4274  -0.1981  11.005  0.7469
167  167  45.8325  -0.3664  11.005  0.7594
168  168  42.1678  -0.1483  11.005  0.7496
169  169  39.1878  -0.1508  11.005  0.7518
170  170  36.8467  0.0189  11.005  0.7522
171  171  45.8642  -0.0679  11.005  0.7642
172  172  42.4346  0.0228  11.005  0.7540
173  173  39.3334  -0.1312  11.005  0.7647
174  174  37.0292  -0.1567  11.005  0.7592
175  175  54.9229  -0.2259  11.005  0.5520
176  176  50.6335  -0.2118  11.005  0.5399
177  177  47.8779  -0.2013  11.005  0.5392
178  178  45.7321  -0.2302  11.005  0.5427
179  179  54.6056  -0.2066  11.005  0.5568
180  180  51.0749  -0.1479  11.005  0.5411
181  181  47.8128  -0.1715  11.005  0.5150
182  182  45.7020  -0.1985  11.005  0.5462
183  183  60.2406  -0.1728  11.005  0.7750
184  184  58.1512  -0.2401  11.005  0.7637
185  185  69.1499  -0.2592  11.005  0.7641
186  186  55.4315  -0.1756  11.005  0.7703
187  187  60.1872  -0.2253  11.005  0.7738
188  188  58.3011  -0.0719  11.005  0.7564
189  189  56.6172  -0.3839  11.005  0.7558
190  190  55.4880  -0.2564  11.005  0.7598
191  191  69.3547  -0.2586  11.005  0.5605
192  192  67.5526  -0.2121  11.005  0.5445
193  193  79.4675  -0.1680  11.005  0.5458
194  194  65.2318  -0.1778  11.005  0.5524
195  195  69.8722  -0.2562  11.005  0.5660
196  196  67.9519  -0.2261  11.005  0.5532
197  197  66.2934  -0.2407  11.005  0.5508
198  198  65.2594  -0.2675  11.005  0.5555
