plik	det	theta	t0	L0	L1
1  1  0.0000  0.0000  0.000  0.0000
2  2  0.0000  0.0000  0.000  0.0000
3  3  132.1559  -0.1758  11.005  0.6186
4  4  133.7654  -0.1093  11.005  0.5974
5  5  134.3618  -0.1007  11.005  0.6022
6  6  134.4904  -0.0606  11.005  0.5982
7  7  133.5929  -0.1456  11.005  0.6097
8  8  132.2277  0.0182  11.005  0.6282
9  9  134.4828  -0.0817  11.005  0.5934
10  10  135.8391  0.0067  11.005  0.5810
11  11  136.3782  -0.0254  11.005  0.5774
12  12  135.7573  -0.0437  11.005  0.5898
13  13  134.6151  -0.0906  11.005  0.5987
14  14  136.0918  -0.0247  11.005  0.5727
15  15  137.6748  -0.0077  11.005  0.5614
16  16  138.3425  -0.0565  11.005  0.5564
17  17  137.8212  -0.0973  11.005  0.5623
18  18  136.4431  0.0003  11.005  0.5803
19  19  137.9364  -0.2217  11.005  0.5551
20  20  139.5975  -0.1112  11.005  0.5488
21  21  140.0729  -0.0864  11.005  0.5467
22  22  139.5846  0.0189  11.005  0.5487
23  23  140.5277  -0.0888  11.005  0.5414
24  24  141.7883  -0.0543  11.005  0.5360
25  25  142.0174  -0.1182  11.005  0.5325
26  26  140.9314  -0.0623  11.005  0.5369
27  27  142.5777  -0.0889  11.005  0.5237
28  28  144.2043  -0.1833  11.005  0.5135
29  29  144.0952  -0.2283  11.005  0.5204
30  30  143.1258  -0.0395  11.005  0.5180
31  31  145.8814  0.0808  11.005  0.4984
32  32  146.7467  -0.0257  11.005  0.4991
33  33  146.1506  0.0014  11.005  0.4991
34  34  148.2935  -0.0286  11.005  0.4854
35  35  149.1289  -0.1124  11.005  0.4880
36  36  148.1876  -0.0566  11.005  0.4939
37  37  150.5914  -0.0656  11.005  0.4701
38  38  151.6043  -0.0934  11.005  0.4780
39  39  150.9954  0.0178  11.005  0.4731
40  40  146.0020  -0.0653  11.005  0.4513
41  41  154.1986  -0.0635  11.005  0.4649
42  42  157.1944  0.0051  11.005  0.4486
43  43  157.1582  -0.1087  11.005  0.4522
44  44  163.3728  -0.1439  11.005  0.4311
45  45  160.9552  -0.0645  11.005  0.4308
46  46  164.2286  -0.1647  11.005  0.4222
47  47  132.4352  -0.1650  11.005  0.6179
48  48  133.9996  -0.1023  11.005  0.5947
49  49  134.7598  -0.0177  11.005  0.5909
50  50  134.5838  -0.1023  11.005  0.5938
51  51  133.4501  -0.1896  11.005  0.6097
52  52  132.0658  0.0112  11.005  0.6223
53  53  134.9575  -0.0224  11.005  0.5847
54  54  140.7094  -0.1577  11.005  0.5829
55  55  132.5921  9.3029  11.005  0.2911
56  56  135.7782  -0.0601  11.005  0.5822
57  57  134.4721  -0.0671  11.005  0.5928
58  58  136.4470  -0.1419  11.005  0.5728
59  59  137.8361  -0.1623  11.005  0.5638
60  60  138.2628  -0.0192  11.005  0.5600
61  61  137.8111  -0.0089  11.005  0.5592
62  62  136.3664  -0.0539  11.005  0.5752
63  63  138.3144  -0.1754  11.005  0.5546
64  64  139.7222  -0.0902  11.005  0.5493
65  65  140.2365  -0.1211  11.005  0.5445
66  66  139.6638  -0.0889  11.005  0.5461
67  67  141.3744  -0.0848  11.005  0.5227
68  68  142.2629  -0.1667  11.005  0.5276
69  69  142.1744  -0.1284  11.005  0.5275
70  70  140.6402  -0.1284  11.005  0.5372
71  71  143.2994  -0.1129  11.005  0.5138
72  72  144.4686  -0.1184  11.005  0.5116
73  73  144.5552  -0.1257  11.005  0.5082
74  74  142.9729  -0.0656  11.005  0.5179
75  75  146.3492  -0.0920  11.005  0.4946
76  76  146.9810  -0.1285  11.005  0.4962
77  77  145.6122  -0.1772  11.005  0.5111
78  78  148.7153  -0.0979  11.005  0.4819
79  79  149.3984  -0.1565  11.005  0.4847
80  80  148.4810  -0.0446  11.005  0.4832
81  81  151.1983  -0.0885  11.005  0.4718
82  82  152.1961  -0.1446  11.005  0.4686
83  83  150.9499  -0.1395  11.005  0.4724
84  84  154.7144  -0.1438  11.005  0.4569
85  85  154.7071  -0.1448  11.005  0.4558
86  86  157.9198  -0.1708  11.005  0.4447
87  87  157.4125  -0.1713  11.005  0.4484
88  88  160.2623  -0.1903  11.005  0.4413
89  89  164.6974  -0.1599  11.005  0.4252
90  90  168.2707  -0.2058  11.005  0.4191
91  91  133.0262  -0.1520  11.005  0.6174
92  92  134.3583  -0.1686  11.005  0.6007
93  93  135.3761  -0.1348  11.005  0.5834
94  94  134.9208  -0.2237  11.005  0.5973
95  95  133.8777  -0.2328  11.005  0.6071
96  96  132.3430  -0.2155  11.005  0.6239
97  97  135.4032  -0.1854  11.005  0.5871
98  98  136.7026  -0.1766  11.005  0.5722
99  99  132.7620  -0.1584  11.005  0.5683
100  100  136.4359  -0.1381  11.005  0.5763
101  101  134.7254  -0.2317  11.005  0.5977
102  102  137.0169  -0.1305  11.005  0.5718
103  103  138.4236  -0.1807  11.005  0.5616
104  104  138.8396  -0.1750  11.005  0.5562
105  105  138.0174  -0.1351  11.005  0.5663
106  106  136.4741  -0.2002  11.005  0.5827
107  107  138.8519  -0.1503  11.005  0.5566
108  108  140.5482  -0.1401  11.005  0.5411
109  109  140.6428  -0.2030  11.005  0.5468
110  110  139.9779  -0.0628  11.005  0.5467
111  111  141.5664  -0.1748  11.005  0.5360
112  112  142.8308  -0.1600  11.005  0.5279
113  113  142.5999  -0.1802  11.005  0.5288
114  114  141.1183  -0.2259  11.005  0.5380
115  115  143.6828  -0.2053  11.005  0.5178
116  116  144.9185  -0.1259  11.005  0.5146
117  117  145.0642  -0.1564  11.005  0.5072
118  118  143.1187  -0.1605  11.005  0.5241
119  119  147.0331  0.1205  11.005  0.4922
120  120  147.5034  -0.1311  11.005  0.4968
121  121  146.6069  -0.0888  11.005  0.5012
122  122  149.2128  -0.1866  11.005  0.4875
123  123  150.1973  -0.1461  11.005  0.4786
124  124  148.6563  -0.1482  11.005  0.4887
125  125  151.6660  -0.2042  11.005  0.4761
126  126  152.6496  -0.1455  11.005  0.4714
127  127  151.3471  -0.2197  11.005  0.4741
128  128  155.3137  -0.1179  11.005  0.4583
129  129  154.9190  -0.2015  11.005  0.4608
130  130  158.4355  -0.1719  11.005  0.4469
131  131  157.9334  -0.1460  11.005  0.4462
132  132  160.9529  -0.1822  11.005  0.4389
133  133  165.1511  -0.1878  11.005  0.4275
134  134  169.5798  -0.1683  11.005  0.4147
135  135  66.5083  -0.2953  11.005  0.5058
136  136  64.1360  -0.2127  11.005  0.4818
137  137  62.3341  -0.1578  11.005  0.4824
138  138  61.1876  -0.1936  11.005  0.4906
139  139  66.8548  -0.2725  11.005  0.4999
140  140  64.5496  -0.1813  11.005  0.4765
141  141  62.4648  -0.2116  11.005  0.4798
142  142  61.3457  -0.2541  11.005  0.4871
143  143  56.7599  -0.2619  11.005  0.7083
144  144  54.4285  -0.2745  11.005  0.7081
145  145  52.5276  -0.3516  11.005  0.7042
146  146  51.1109  -0.2292  11.005  0.7006
147  147  56.9318  -0.1327  11.005  0.7128
148  148  54.5267  -0.1470  11.005  0.6997
149  149  52.6845  -0.2969  11.005  0.6928
150  150  51.1614  -0.2605  11.005  0.6995
151  151  52.2104  -0.1328  11.005  0.4972
152  152  47.5260  -0.1044  11.005  0.4837
153  153  44.0002  -0.1984  11.005  0.4794
154  154  41.3887  -0.1614  11.005  0.4911
155  155  51.8552  -0.2106  11.005  0.4951
156  156  47.5006  -0.1845  11.005  0.4844
157  157  43.6777  -0.2981  11.005  0.4883
158  158  41.4746  -0.1739  11.005  0.4788
159  159  42.2483  -0.0801  11.005  0.7008
160  160  38.1863  -0.0841  11.005  0.6884
161  161  34.6348  -0.0966  11.005  0.6862
162  162  32.1665  -0.1244  11.005  0.6956
163  163  42.6334  -0.1029  11.005  0.7082
164  164  38.6903  -0.1959  11.005  0.7030
165  165  35.2058  -0.3667  11.005  0.7008
166  166  32.5660  -0.1981  11.005  0.6980
167  167  46.0685  -0.3664  11.005  0.7025
168  168  42.3821  -0.1483  11.005  0.6930
169  169  39.4353  -0.1508  11.005  0.6810
170  170  37.1032  0.0189  11.005  0.6763
171  171  46.1205  -0.0679  11.005  0.7025
172  172  42.7162  0.0228  11.005  0.6802
173  173  37.9954  -0.1312  11.005  1.1623
174  174  37.2516  -0.1567  11.005  0.6866
175  175  55.2260  -0.2259  11.005  0.4936
176  176  50.9212  -0.2118  11.005  0.4790
177  177  48.1712  -0.2013  11.005  0.4731
178  178  45.9797  -0.2302  11.005  0.4839
179  179  54.9288  -0.2066  11.005  0.4941
180  180  51.3772  -0.1479  11.005  0.4778
181  181  47.9671  -0.1715  11.005  0.4801
182  182  45.9588  -0.1985  11.005  0.4852
183  183  60.6460  -0.1728  11.005  0.7038
184  184  58.5244  -0.2401  11.005  0.6979
185  185  56.9246  -0.2592  11.005  0.6959
186  186  55.7659  -0.1756  11.005  0.7054
187  187  60.6097  -0.2253  11.005  0.6996
188  188  58.7362  -0.0719  11.005  0.6772
189  189  56.9289  -0.3839  11.005  0.6969
190  190  55.8538  -0.2564  11.005  0.6890
191  191  69.7991  -0.2586  11.005  0.4963
192  192  67.9521  -0.2121  11.005  0.4849
193  193  66.4914  -0.1680  11.005  0.4799
194  194  65.6426  -0.1778  11.005  0.4882
195  195  70.3169  -0.2562  11.005  0.5023
196  196  68.4113  -0.2261  11.005  0.4852
197  197  66.6799  -0.2407  11.005  0.4916
198  198  65.5920  -0.2675  11.005  0.5035
