plik	det	theta	t0	L0	L1
1  1  0.0000  0.0000  0.000  0.0000
2  2  0.0000  0.0000  0.000  0.0000
3  3  131.1061  0.0231  11.002  0.6698
4  4  132.6465  0.0250  11.002  0.6503
5  5  133.6193  -0.0154  11.002  0.6379
6  6  133.6763  -0.0042  11.002  0.6365
7  7  132.7577  -0.0416  11.002  0.6504
8  8  131.5643  0.1125  11.002  0.6620
9  9  133.5182  0.0552  11.002  0.6382
10  10  135.1023  0.0887  11.002  0.6149
11  11  135.6115  0.0505  11.002  0.6124
12  12  135.1537  -0.0141  11.002  0.6185
13  13  133.7379  -0.0347  11.002  0.6395
14  14  135.0831  0.0314  11.002  0.6179
15  15  136.8419  0.1519  11.002  0.5975
16  16  137.3643  0.0729  11.002  0.5976
17  17  136.9541  0.0981  11.002  0.5994
18  18  135.7684  0.0668  11.002  0.6114
19  19  136.6929  -0.0212  11.002  0.6072
20  20  138.6349  0.1444  11.002  0.5830
21  21  139.2820  0.1018  11.002  0.5792
22  22  138.7440  0.1947  11.002  0.5835
23  23  139.7030  0.1199  11.002  0.5753
24  24  141.2335  0.1934  11.002  0.5586
25  25  141.3205  0.1036  11.002  0.5600
26  26  139.9415  0.0878  11.002  0.5761
27  27  141.7771  0.1707  11.002  0.5547
28  28  142.9164  -0.1543  11.002  0.5592
29  29  143.0203  -0.1995  11.002  0.5594
30  30  142.0310  0.0387  11.002  0.5588
31  31  143.6805  -0.5393  11.002  0.5725
32  32  145.6370  0.0468  11.002  0.5360
33  33  145.0128  0.0987  11.002  0.5376
34  34  147.1759  0.1272  11.002  0.5205
35  35  148.2471  0.1052  11.002  0.5160
36  36  147.2698  0.0561  11.002  0.5235
37  37  149.0818  0.0797  11.002  0.5134
38  38  150.5522  0.0604  11.002  0.5095
39  39  149.7112  0.1636  11.002  0.5097
40  40  152.8891  0.0748  11.002  0.4942
41  41  153.0774  0.0681  11.002  0.4944
42  42  155.7308  0.1719  11.002  0.4817
43  43  155.6441  0.0228  11.002  0.4865
44  44  161.2888  -0.1371  11.002  0.4742
45  45  158.6087  0.0292  11.002  0.4757
46  46  164.3338  -0.1088  11.002  0.4694
47  47  131.4385  0.0606  11.002  0.6663
48  48  133.0305  0.1905  11.002  0.6403
49  49  133.7416  -0.0145  11.002  0.6352
50  50  133.7342  -0.0147  11.002  0.6337
51  51  132.6635  0.0067  11.002  0.6475
52  52  131.3686  0.2077  11.002  0.6570
53  53  133.9343  0.0342  11.002  0.6312
54  54  135.2284  0.0225  11.002  0.6171
55  55  132.6994  -3.1434  11.002  0.7433
56  56  135.0439  0.0237  11.002  0.6157
57  57  133.5785  0.0157  11.002  0.6348
58  58  135.4828  0.0193  11.002  0.6155
59  59  136.9479  0.0863  11.002  0.6019
60  60  137.5263  0.1823  11.002  0.5917
61  61  136.9271  0.1386  11.002  0.5972
62  62  135.5167  0.0361  11.002  0.6129
63  63  137.1528  0.0135  11.002  0.6033
64  64  138.9860  0.1467  11.002  0.5801
65  65  139.4380  0.0836  11.002  0.5769
66  66  138.8430  0.2283  11.002  0.5772
67  67  140.1636  0.1831  11.002  0.5689
68  68  141.3937  0.0133  11.002  0.5611
69  69  141.3361  0.0283  11.002  0.5600
70  70  139.6923  0.0968  11.002  0.5715
71  71  142.1095  0.0357  11.002  0.5562
72  72  143.3349  -0.0615  11.002  0.5521
73  73  143.2760  -0.0967  11.002  0.5538
74  74  142.1067  0.0885  11.002  0.5507
75  75  144.9370  -0.0188  11.002  0.5422
76  76  145.8764  0.0108  11.002  0.5329
77  77  144.6298  -0.0802  11.002  0.5456
78  78  147.4418  0.0311  11.002  0.5217
79  79  148.4219  0.0437  11.002  0.5151
80  80  147.4680  0.1287  11.002  0.5152
81  81  149.8389  0.0650  11.002  0.5107
82  82  150.7925  0.0063  11.002  0.5085
83  83  149.6835  0.1026  11.002  0.5083
84  84  153.3126  0.0301  11.002  0.4924
85  85  153.3653  0.0840  11.002  0.4898
86  86  155.9767  -0.0462  11.002  0.4882
87  87  155.6832  -0.0805  11.002  0.4870
88  88  158.1792  -0.1496  11.002  0.4826
89  89  161.7197  -0.1285  11.002  0.4722
90  90  164.8756  -0.0718  11.002  0.4637
91  91  129.8194  0.0163  11.002  0.6543
92  92  133.4428  -0.1261  11.002  0.6436
93  93  134.3781  -0.0396  11.002  0.6286
94  94  134.1594  -0.1217  11.002  0.6332
95  95  133.0372  -0.1205  11.002  0.6479
96  96  131.6120  0.0850  11.002  0.6605
97  97  134.4551  -0.0834  11.002  0.6299
98  98  135.7086  -0.1165  11.002  0.6159
99  99  136.1685  -0.0278  11.002  0.6090
100  100  135.6534  0.0354  11.002  0.6114
101  101  133.9135  -0.1213  11.002  0.6357
102  102  136.0124  -0.0667  11.002  0.6124
103  103  137.5976  0.0200  11.002  0.5971
104  104  137.8898  0.0024  11.002  0.5957
105  105  137.2822  0.0210  11.002  0.5984
106  106  0.0000  0.0000  11.002  0.0000
107  107  137.8177  0.0114  11.002  0.5994
108  108  139.4940  -0.0095  11.002  0.5826
109  109  139.9629  -0.0054  11.002  0.5748
110  110  139.2812  0.1464  11.002  0.5758
111  111  140.6772  0.0114  11.002  0.5708
112  112  141.9481  -0.0848  11.002  0.5610
113  113  141.6415  -0.1284  11.002  0.5652
114  114  140.1381  -0.0473  11.002  0.5768
115  115  142.4477  -0.2076  11.002  0.5633
116  116  143.8822  -0.0820  11.002  0.5509
117  117  143.8992  -0.0283  11.002  0.5477
118  118  142.1677  -0.0773  11.002  0.5597
119  119  144.4347  -0.2122  11.002  0.5763
120  120  146.5398  0.0190  11.002  0.5285
121  121  145.3275  -0.0073  11.002  0.5380
122  122  148.2491  0.0191  11.002  0.5184
123  123  149.0057  0.0504  11.002  0.5140
124  124  147.6084  0.0240  11.002  0.5222
125  125  150.3417  -0.0437  11.002  0.5144
126  126  151.3194  -0.0084  11.002  0.5078
127  127  149.9759  0.0160  11.002  0.5118
128  128  154.0643  0.0436  11.002  0.4896
129  129  153.6257  -0.0468  11.002  0.4931
130  130  156.3721  -0.1466  11.002  0.4916
131  131  156.0891  -0.0443  11.002  0.4874
132  132  158.7260  -0.1238  11.002  0.4815
133  133  162.1994  -0.1321  11.002  0.4731
134  134  165.5658  -0.0650  11.002  0.4625
135  135  65.8094  -0.2044  11.002  0.6162
136  136  63.9310  -0.1202  11.002  0.5222
137  137  62.2570  -0.1022  11.002  0.4999
138  138  60.6833  -0.1070  11.002  0.5812
139  139  66.1508  -0.1976  11.002  0.6113
140  140  64.2137  -0.0828  11.002  0.5311
141  141  62.4101  -0.1147  11.002  0.4933
142  142  60.8743  -0.2087  11.002  0.5712
143  143  56.6651  -0.1960  11.002  0.7293
144  144  53.8879  -0.0851  11.002  0.8159
145  145  52.1100  -0.3632  11.002  0.7898
146  146  50.9743  -0.2144  11.002  0.7321
147  147  56.8922  -0.0310  11.002  0.7237
148  148  53.9849  -0.0229  11.002  0.8099
149  149  52.2174  -0.2275  11.002  0.7870
150  150  50.9395  -0.0626  11.002  0.7324
151  151  51.7922  -0.0363  11.002  0.5655
152  152  46.9357  -0.1385  11.002  0.6126
153  153  43.8166  -0.0903  11.002  0.5035
154  154  40.5189  -0.0976  11.002  0.6209
155  155  51.5525  -0.1620  11.002  0.5546
156  156  46.8781  -0.1402  11.002  0.6093
157  157  43.4132  -0.2692  11.002  0.5191
158  158  42.9497  -0.0839  11.002  0.6126
159  159  41.7905  0.0332  11.002  0.8081
160  160  40.4825  -0.1066  11.002  0.8023
161  161  36.6334  0.0006  11.002  0.7740
162  162  43.6487  -0.0526  11.002  0.8316
163  163  42.2666  -0.0095  11.002  0.7884
164  164  39.2542  -0.0706  11.002  0.8250
165  165  38.6198  -0.2621  11.002  0.7633
166  166  43.1637  -0.1668  11.002  0.8250
167  167  45.6643  -0.2523  11.002  0.7796
168  168  41.9665  -0.2067  11.002  0.7953
169  169  39.3726  -0.0044  11.002  0.8094
170  170  39.0184  0.0802  11.002  0.7277
171  171  45.7244  -0.0100  11.002  0.7869
172  172  42.2241  -0.1301  11.002  0.7729
173  173  39.6509  -0.0696  11.002  0.8105
174  174  38.7516  0.0115  11.002  0.7358
175  175  54.7679  -0.1858  11.002  0.5746
176  176  50.7696  -0.1651  11.002  0.5036
177  177  47.5695  -0.2077  11.002  0.5986
178  178  45.6751  -0.2242  11.002  0.5630
179  179  54.4716  -0.2219  11.002  0.5926
180  180  51.1218  -0.1350  11.002  0.5209
181  181  47.4341  -0.1011  11.002  0.5992
182  182  45.6498  -0.1238  11.002  0.5609
183  183  59.9735  -0.1422  11.002  0.8234
184  184  58.1329  -0.2213  11.002  0.7701
185  185  56.8355  -0.0893  11.002  0.7104
186  186  55.5965  -0.1153  11.002  0.7414
187  187  59.9352  -0.1250  11.002  0.8191
188  188  58.2687  0.0036  11.002  0.7623
189  189  56.8511  -0.3061  11.002  0.7147
190  190  55.6122  -0.3092  11.002  0.7374
191  191  69.7057  -0.1472  11.002  0.5112
192  192  67.5944  -0.1073  11.002  0.5389
193  193  65.7617  -0.0645  11.002  0.5910
194  194  65.0507  -0.0665  11.002  0.5826
195  195  70.0878  -0.2330  11.002  0.5354
196  196  68.1992  -0.1656  11.002  0.5167
197  197  65.9123  -0.2722  11.002  0.6096
198  198  65.0577  -0.1028  11.002  0.5873
