plik	det	theta		t0		L0		L1
1   1   0.00000 -4.25080000 11.0550 -2.4594 
2   2   0.00000 0.000000000 11.0550 2.3800 
3	3	130.991	-0.170613	11.005	0.653945
4	4	132.422	-0.10116	11.005	0.639326
5	5	133.324	-0.094865	11.005	0.629797
6	6	133.477	-0.0493499	11.005	0.626736
7	7	132.629	-0.138556	11.005	0.63661
8	8	131.277	0.0192974	11.005	0.654904
9	9	133.465	-0.0749191	11.005	0.621682
10	10	134.818	0.0194792	11.005	0.608334
11	11	135.291	-0.0106489	11.005	0.605374
12	12	134.947	-0.0303047	11.005	0.607612
13	13	133.503	-0.0835403	11.005	0.629169
14	14	135.04	-0.00386729	11.005	0.600634
15	15	136.42	-0.00342122	11.005	0.596637
16	16	137.033	-0.0485242	11.005	0.591582
17	17	136.586	-0.0820431	11.005	0.59741
18	18	135.366	0.00961676	11.005	0.610273
19	19	136.632	-0.213468	11.005	0.590671
20	20	138.319	-0.0984995	11.005	0.576577
21	21	139.133	-0.0763138	11.005	0.569253
22	22	138.558	0.0295234	11.005	0.573533
23	23	139.511	-0.0767814	11.005	0.564883
24	24	140.721	-0.0368167	11.005	0.558847
25	25	140.873	-0.109073	11.005	0.559033
26	26	139.632	-0.0531854	11.005	0.569472
27	27	141.447	-0.0749993	11.005	0.549303
28	28	142.689	-0.176086	11.005	0.549219
29	29	142.839	-0.221199	11.005	0.547304
30	30	141.62	-0.0320751	11.005	0.553265
31	31	144.651	0.0931932	11.005	0.526696
32	32	145.323	-0.0171733	11.005	0.52868
33	33	144.801	0.00964697	11.005	0.52796
34	34	146.872	-0.0187664	11.005	0.513484
35	35	147.676	-0.104157	11.005	0.516307
36	36	146.882	-0.049304	11.005	0.517681
37	37	148.979	-0.0594305	11.005	0.501717
38	38	150.256	-0.0865964	11.005	0.501462
39	39	149.423	0.0238919	11.005	0.502047
40	40	152.496	-0.0580927	11.005	0.487954
41	41	152.708	-0.0575691	11.005	0.488266
42	42	155.419	0.0213037	11.005	0.476403
43	43	155.371	-0.103463	11.005	0.479717
44	44	161.574	-0.137753	11.005	0.457765
45	45	158.392	-0.0561472	11.005	0.466505
46	46	164.968	-0.159448	11.005	0.446306
47	47	131.294	-0.193995	11.005	0.656513
48	48	132.72	-0.140596	11.005	0.635744
49	49	133.622	-0.0410135	11.005	0.621844
50	50	133.524	-0.134214	11.005	0.624023
51	51	132.482	-0.236594	11.005	0.63947
52	52	131.296	-0.00603845	11.005	0.641738
53	53	133.827	-0.0481668	11.005	0.616889
54	54	134.844	-0.192841	11.005	0.614667
55	55	137.761	-0.11320	11.005	0.61915
56	56	134.716	-0.0863958	11.005	0.612169
57	57	133.366	-0.0916048	11.005	0.625306
58	58	135.131	-0.163574	11.005	0.609154
59	59	136.579	-0.201007	11.005	0.597947
60	60	137.097	-0.038517	11.005	0.590908
61	61	136.664	-0.0311312	11.005	0.593651
62	62	135.152	-0.0785475	11.005	0.611047
63	63	137.077	-0.196383	11.005	0.586105
64	64	138.755	-0.107481	11.005	0.572925
65	65	139.234	-0.14036	11.005	0.569605
66	66	138.453	-0.113285	11.005	0.580674
67	67	139.922	-0.112176	11.005	0.558997
68	68	141.056	-0.190999	11.005	0.557287
69	69	140.971	-0.145282	11.005	0.556464
70	70	138.905	-0.151976	11.005	0.573822
71	71	142.055	-0.130806	11.005	0.547473
72	72	143.237	-0.135896	11.005	0.541387
73	73	143.166	-0.141062	11.005	0.542174
74	74	141.633	-0.0862398	11.005	0.548831
75	75	144.996	-0.10787	11.005	0.523867
76	76	142.283	-0.142613	11.005	0.524623
77	77	144.519	-0.197688	11.005	0.533187
78	78	147.346	-0.111771	11.005	0.510926
79	79	147.969	-0.170534	11.005	0.512157
80	80	146.779	-0.0591129	11.005	0.519319
81	81	149.736	-0.0989627	11.005	0.499735
82	82	150.748	-0.155346	11.005	0.494383
83	83	149.322	-0.151685	11.005	0.50423
84	84	153.055	-0.154629	11.005	0.485885
85	85	152.826	-0.154793	11.005	0.487765
86	86	155.835	-0.180896	11.005	0.476251
87	87	155.561	-0.182252	11.005	0.476542
88	88	158.556	-0.195877	11.005	0.468044
89	89	162.102	-0.166387	11.005	0.453709
90	90	165.258	-0.210512	11.005	0.446407
91	91	131.957	-0.137054	11.005	0.645089
92	92	133.345	-0.156885	11.005	0.629092
93	93	134.13	-0.120838	11.005	0.619941
94	94	133.897	-0.202584	11.005	0.626026
95	95	132.955	-0.21208	11.005	0.632967
96	96	131.367	-0.194842	11.005	0.652162
97	97	134.534	-0.164236	11.005	0.618098
98	98	135.462	-0.166291	11.005	0.609462
99	99	135.858	-0.141906	11.005	0.604241
100	100	135.165	-0.122091	11.005	0.611259
101	101	133.659	-0.206501	11.005	0.627587
102	102	135.816	-0.118558	11.005	0.603455
103	103	137.226	-0.166044	11.005	0.592953
104	104	137.661	-0.159916	11.005	0.58901
105	105	137.041	-0.119565	11.005	0.595245
106	106	135.699	-0.000000	11.005	0.600345
107	107	137.828	-0.136334	11.005	0.58229
108	108	139.42	-0.125842	11.005	0.567997
109	109	139.626	-0.190761	11.005	0.570596
110	110	138.881	-0.0491058	11.005	0.576502
111	111	140.39	-0.158322	11.005	0.563731
112	112	141.6	-0.139972	11.005	0.556768
113	113	141.396	-0.163379	11.005	0.556979
114	114	139.888	-0.211408	11.005	0.567756
115	115	142.393	-0.192735	11.005	0.548389
116	116	143.787	-0.11618	11.005	0.539342
117	117	143.708	-0.135029	11.005	0.539028
118	118	141.996	-0.13917	11.005	0.54887
119	119	147.184	0.128545	11.005	0.522864
120	120	146.23	-0.118548	11.005	0.523511
121	121	144.953	-0.0741325	11.005	0.532723
122	122	147.708	-0.17520	11.005	0.517752
123	123	148.561	-0.13426	11.005	0.512866
124	124	147.475	-0.13548	11.005	0.517026
125	125	150.094	-0.196615	11.005	0.506539
126	126	151.205	-0.137865	11.005	0.49831
127	127	149.634	-0.204628	11.005	0.506833
128	128	153.812	-0.108182	11.005	0.483514
129	129	153.376	-0.194047	11.005	0.487056
130	130	156.635	-0.162812	11.005	0.474408
131	131	155.976	-0.139061	11.005	0.474455
132	132	158.909	-0.171753	11.005	0.466906
133	133	162.498	-0.178405	11.005	0.457998
134	134	165.88	-0.160044	11.005	0.445776
135	135	65.8809	-0.195969	11.005	0.535437
136	136	63.5549	-0.195969	11.005	0.52003
137	137	61.7724	-0.195969	11.005	0.522229
138	138	60.5892	-0.195969	11.005	0.5284
139	139	66.2027	-0.195969	11.005	0.532457
140	140	63.9399	-0.195969	11.005	0.522528
141	141	61.989	-0.195969	11.005	0.521329
142	142	60.7766	-0.195969	11.005	0.524945
143	143	56.3676	-0.195969	11.005	0.741026
144	144	54.0269	-0.195969	11.005	0.737405
145	145	52.1337	-0.195969	11.005	0.738799
146	146	50.7216	-0.195969	11.005	0.737664
147	147	56.5075	-0.195969	11.005	0.740528
148	148	54.124	-0.195969	11.005	0.734288
149	149	52.2552	-0.195969	11.005	0.734861
150	150	50.7739	-0.195969	11.005	0.742766
151	151	51.631	-0.195969	11.005	0.533458
152	152	47.1143	-0.195969	11.005	0.522782
153	153	43.5343	-0.195969	11.005	0.515482
154	154	41.0298	-0.195969	11.005	0.525386
155	155	51.4592	-0.195969	11.005	0.534201
156	156	47.0711	-0.195969	11.005	0.519231
157	157	43.2899	-0.195969	11.005	0.518278
158	158	41.0291	-0.195969	11.005	0.525535
159	159	41.895	-0.195969	11.005	0.736926
160	160	37.7715	-0.195969	11.005	0.734221
161	161	34.493	-0.195969	11.005	0.729249
162	162	31.7773	-0.195969	11.005	0.734377
163	163	42.3298	-0.195969	11.005	0.740147
164	164	38.4172	-0.195969	11.005	0.729679
165	165	35.0329	-0.195969	11.005	0.724368
166	166	32.2199	-0.195969	11.005	0.732738
167	167	45.6803	-0.195969	11.005	0.73362
168	168	42.161	-0.195969	11.005	0.72348
169	169	39.1277	-0.195969	11.005	0.725861
170	170	36.9103	-0.195969	11.005	0.730703
171	171	45.7921	-0.195969	11.005	0.734603
172	172	42.3029	-0.195969	11.005	0.727288
173	173	39.3513	-0.195969	11.005	0.74197
174	174	36.9852	-0.195969	11.005	0.729354
175	175	54.7182	-0.195969	11.005	0.524664
176	176	50.807	-0.195969	11.005	0.511689
177	177	47.7083	-0.195969	11.005	0.511123
178	178	45.6947	-0.195969	11.005	0.519602
179	179	54.6731	-0.195969	11.005	0.535944
180	180	50.7505	-0.195969	11.005	0.517777
181	181	47.7162	-0.195969	11.005	0.502647
182	182	45.6174	-0.195969	11.005	0.524729
183	183	60.1097	-0.195969	11.005	0.738709
184	184	58.0711	-0.195969	11.005	0.737612
185	185	56.5299	-0.195969	11.005	0.724361
186	186	55.4585	-0.195969	11.005	0.734247
187	187	60.1006	-0.195969	11.005	0.750699
188	188	58.2424	-0.195969	11.005	0.720884
189	189	56.5467	-0.195969	11.005	0.731861
190	190	55.3797	-0.195969	11.005	0.740445
191	191	69.2154	-0.195969	11.005	0.53369
192	192	67.236	-0.195969	11.005	0.523053
193	193	65.9554	-0.195969	11.005	0.516119
194	194	65.006	-0.195969	11.005	0.525534
195	195	69.7073	-0.195969	11.005	0.541725
196	196	67.7745	-0.195969	11.005	0.525388
197	197	66.1894	-0.195969	11.005	0.519988
198	198	65.0523	-0.195969	11.005	0.530615
