1   	1   	0.00000 -4.25080000 	11.0550 	-2.4594 
2   	2   	0.00000 0.000000000 	11.0550 	2.3800 
3	3	131.173	-0.170613	11.0047	0.664006
4	4	132.777	-0.10116	11.0047	0.642812
5	5	133.764	-0.094865	11.0047	0.631273
6	6	133.866	-0.0493499	11.0047	0.62884
7	7	132.935	-0.138556	11.0047	0.640677
8	8	127.977	0.0192974	11.0047	0.656317
9	9	133.767	-0.0749191	11.0047	0.628776
10	10	135.043	0.0194792	11.0047	0.616099
11	11	133.596	-0.0106489	11.0047	0.615498
12	12	135.29	-0.0303047	11.0047	0.608274
13	13	133.701	-0.0835403	11.0047	0.638539
14	14	135.204	-0.00386729	11.0047	0.615663
15	15	136.783	-0.00342122	11.0047	0.597238
16	16	137.14	-0.0485242	11.0047	0.595812
17	17	136.986	-0.0820431	11.0047	0.597833
18	18	135.852	0.00961676	11.0047	0.607394
19	19	136.893	-0.213468	11.0047	0.600144
20	20	138.541	-0.0984995	11.0047	0.584657
21	21	139.259	-0.0763138	11.0047	0.579697
22	22	138.723	0.0295234	11.0047	0.583648
23	23	139.626	-0.0767814	11.0047	0.573124
24	24	141.043	-0.0368167	11.0047	0.563983
25	25	140.965	-0.109073	11.0047	0.567775
26	26	139.948	-0.0531854	11.0047	0.571153
27	27	141.644	-0.0749993	11.0047	0.559584
28	28	143.096	-0.176086	11.0047	0.550181
29	29	143.139	-0.221199	11.0047	0.554541
30	30	141.875	-0.0320751	11.0047	0.559531
31	31	144.828	0.0931932	11.0047	0.533323
32	32	145.6	-0.0171733	11.0047	0.534362
33	33	145.059	0.00964697	11.0047	0.534898
34	34	147.085	-0.0187664	11.0047	0.521495
35	35	147.891	-0.104157	11.0047	0.523335
36	36	148.37	-0.049304	11.0047	0.522092
37	37	149.117	-0.0594305	11.0047	0.511879
38	38	150.576	-0.0865964	11.0047	0.50613
39	39	149.597	0.0238919	11.0047	0.513546
40	40	152.837	-0.0580927	11.0047	0.494224
41	41	152.902	-0.0575691	11.0047	0.496497
42	42	155.902	0.0213037	11.0047	0.478607
43	43	155.841	-0.103463	11.0047	0.48212
44	44	161.999	-0.137753	11.0047	0.463128
45	45	158.62	-0.0561472	11.0047	0.47405
46	46	165.009	-0.159448	11.0047	0.454149
47	47	131.662	-0.193995	11.0047	0.661118
48	48	130.655	-0.140596	11.0047	0.63613
49	49	133.909	-0.0410135	11.0047	0.626429
50	50	133.726	-0.134214	11.0047	0.631527
51	51	132.805	-0.236594	11.0047	0.641312
52	52	131.283	-0.00603845	11.0047	0.657273
53	53	134.12	-0.0481668	11.0047	0.622264
54	54	132.544	-0.192841	11.0047	0.613656
55	55	112.824	36.5051	11.0047	-0.507588
56	56	130.896	-0.0863958	11.0047	0.604665
57	57	133.737	-0.0916048	11.0047	0.627566
58	58	118.825	-0.163574	11.0047	0.602623
59	59	136.919	-0.201007	11.0047	0.601525
60	60	137.359	-0.038517	11.0047	0.598113
61	61	136.882	-0.0311312	11.0047	0.596275
62	62	135.635	-0.0785475	11.0047	0.612206
63	63	134.875	-0.196383	11.0047	0.592186
64	64	139.091	-0.107481	11.0047	0.576366
65	65	139.255	-0.14036	11.0047	0.582242
66	66	130.677	-0.113285	11.0047	0.581847
67	67	140.091	-0.112176	11.0047	0.569707
68	68	141.205	-0.190999	11.0047	0.566702
69	69	141.22	-0.145282	11.0047	0.562592
70	70	139.256	-0.151976	11.0047	0.569829
71	71	142.254	-0.130806	11.0047	0.553411
72	72	143.595	-0.135896	11.0047	0.544
73	73	142.502	-0.141062	11.0047	0.551372
74	74	141.859	-0.0862398	11.0047	0.554321
75	75	145.179	-0.10787	11.0047	0.532867
76	76	145.915	-0.142613	11.0047	0.532343
77	77	144.86	-0.197688	11.0047	0.540372
78	78	147.609	-0.111771	11.0047	0.51606
79	79	148.43	-0.170534	11.0047	0.516713
80	80	147.252	-0.0591129	11.0047	0.519791
81	81	150.115	-0.0989627	11.0047	0.501591
82	82	150.999	-0.155346	11.0047	0.501309
83	83	149.694	-0.151685	11.0047	0.506178
84	84	153.438	-0.154629	11.0047	0.489114
85	85	153.135	-0.154793	11.0047	0.492892
86	86	156.376	-0.180896	11.0047	0.479137
87	87	155.935	-0.182252	11.0047	0.483416
88	88	158.81	-0.195877	11.0047	0.471194
89	89	162.652	-0.166387	11.0047	0.456887
90	90	165.201	-0.210512	11.0047	0.456695
91	91	132.236	-0.137054	11.0047	0.652797
92	92	129.488	-0.156885	11.0047	0.630872
93	93	134.378	-0.120838	11.0047	0.628251
94	94	134.133	-0.202584	11.0047	0.633113
95	95	133.264	-0.21208	11.0047	0.636163
96	96	131.64	-0.194842	11.0047	0.659649
97	97	134.934	-0.164236	11.0047	0.623931
98	98	135.771	-0.166291	11.0047	0.612168
99	99	136.121	-0.141906	11.0047	0.610362
100	100	134.418	-0.122091	11.0047	0.60849
101	101	133.827	-0.206501	11.0047	0.636402
102	102	136.129	-0.118558	11.0047	0.606614
103	103	137.628	-0.166044	11.0047	0.594199
104	104	138.059	-0.159916	11.0047	0.589313
105	105	126.871	-0.119565	11.0047	0.589687
106	106	136.137	0	11.0047	0.601001
107	107	137.913	-0.136334	11.0047	0.594336
108	108	139.769	-0.125842	11.0047	0.572407
109	109	139.963	-0.190761	11.0047	0.574766
110	110	142.42	-0.0491058	11.0047	0.578998
111	111	140.787	-0.158322	11.0047	0.568189
112	112	142.093	-0.139972	11.0047	0.556551
113	113	146.597	-0.163379	11.0047	0.563358
114	114	140.407	-0.211408	11.0047	0.565699
115	115	143.313	-0.192735	11.0047	0.555501
116	116	144.053	-0.11618	11.0047	0.54574
117	117	144.141	-0.135029	11.0047	0.53927
118	118	142.263	-0.13917	11.0047	0.555396
119	119	146.092	0.128545	11.0047	0.523857
120	120	146.403	-0.118548	11.0047	0.533221
121	121	145.484	-0.0741325	11.0047	0.534901
122	122	144.381	-0.1752	11.0047	0.522229
123	123	148.228	-0.13426	11.0047	0.518656
124	124	147.576	-0.13548	11.0047	0.52307
125	125	150.575	-0.196615	11.0047	0.508247
126	126	151.521	-0.137865	11.0047	0.505699
127	127	149.969	-0.204628	11.0047	0.511374
128	128	155.263	-0.108182	11.0047	0.492645
129	129	153.649	-0.194047	11.0047	0.493435
130	130	146.895	-0.162812	11.0047	0.480851
131	131	156.28	-0.139061	11.0047	0.481357
132	132	159.247	-0.171753	11.0047	0.474245
133	133	163.479	-0.178405	11.0047	0.454582
134	134	165.084	-0.160044	11.0047	0.452686
135	135	66.3067	-0.195969	11.0047	0.535606
136	136	63.9265	-0.195969	11.0047	0.523013
137	137	62.1877	-0.195969	11.0047	0.52323
138	138	60.9162	-0.195969	11.0047	0.531307
139	139	66.5937	-0.195969	11.0047	0.536032
140	140	64.1915	-0.195969	11.0047	0.525176
141	141	83.2705	-0.195969	11.0047	0.531376
142	142	61.159	-0.195969	11.0047	0.526691
143	143	56.5527	-0.195969	11.0047	0.742576
144	144	54.2621	-0.195969	11.0047	0.740605
145	145	52.282	-0.195969	11.0047	0.744431
146	146	50.8921	-0.195969	11.0047	0.753449
147	147	56.7019	-0.195969	11.0047	0.746738
148	148	54.3654	-0.195969	11.0047	0.738302
149	149	52.4556	-0.195969	11.0047	0.732643
150	150	51.0703	-0.195969	11.0047	0.732956
151	151	52.0145	-0.195969	11.0047	0.535686
152	152	47.3776	-0.195969	11.0047	0.521991
153	153	43.8687	-0.195969	11.0047	0.519979
154	154	41.2871	-0.195969	11.0047	0.526081
155	155	51.8331	-0.195969	11.0047	0.533953
156	156	47.4322	-0.195969	11.0047	0.523087
157	157	43.5542	-0.195969	11.0047	0.521363
158	158	41.3243	-0.195969	11.0047	0.521591
159	159	42.0498	-0.195969	11.0047	0.737339
160	160	37.7545	-0.195969	11.0047	0.733823
161	161	38.3362	-0.195969	11.0047	0.724996
162	162	31.9121	-0.195969	11.0047	0.738426
163	163	42.6189	-0.195969	11.0047	0.752474
164	164	38.7052	-0.195969	11.0047	0.734246
165	165	32.1709	-0.195969	11.0047	0.729056
166	166	32.2852	-0.195969	11.0047	0.73312
167	167	45.9155	-0.195969	11.0047	0.735285
168	168	42.3045	-0.195969	11.0047	0.729497
169	169	39.2559	-0.195969	11.0047	0.72384
170	170	37.0453	-0.195969	11.0047	0.730593
171	171	45.9274	-0.195969	11.0047	0.730712
172	172	42.8429	-0.195969	11.0047	0.731419
173	173	40.4663	-0.195969	11.0047	0.443649
174	174	37.1656	-0.195969	11.0047	0.746415
175	175	55.0514	-0.195969	11.0047	0.531744
176	176	51.1848	-0.195969	11.0047	0.519594
177	177	48.0969	-0.195969	11.0047	0.514976
178	178	47.5829	-0.195969	11.0047	0.523715
179	179	55.052	-0.195969	11.0047	0.535016
180	180	51.0807	-0.195969	11.0047	0.522365
181	181	47.9054	-0.195969	11.0047	0.526239
182	182	45.9797	-0.195969	11.0047	0.523107
183	183	60.3561	-0.195969	11.0047	0.74507
184	184	58.3724	-0.195969	11.0047	0.73276
185	185	37.8514	-0.195969	11.0047	0.730998
186	186	55.5799	-0.195969	11.0047	0.741865
187	187	60.3755	-0.195969	11.0047	0.750567
188	188	58.342	-0.195969	11.0047	0.738754
189	189	56.7208	-0.195969	11.0047	0.73691
190	190	55.5691	-0.195969	11.0047	0.744901
191	191	69.6192	-0.195969	11.0047	0.535174
192	192	67.7269	-0.195969	11.0047	0.522855
193	193	66.282	-0.195969	11.0047	0.518797
194	194	65.3337	-0.195969	11.0047	0.531834
195	195	70.0863	-0.195969	11.0047	0.542978
196	196	68.075	-0.195969	11.0047	0.529876
197	197	66.5384	-0.195969	11.0047	0.527814
198	198	65.4012	-0.195969	11.0047	0.535887
