3	-0.170613	-0.170613	11.0047	11.0047	0.663549	0.000199287	4898.75	0.16695	131.177	0.00169463
4	-0.10116	-0.10116	11.0047	11.0047	0.639904	0.00015173	4898.55	0.12711	132.8	0.00170216
5	-0.094865	-0.094865	11.0047	11.0047	0.64563	0.000161264	4898.71	0.135097	133.368	0.00170658
6	-0.0493499	-0.0493499	11.0047	11.0047	0.640297	0.000165882	4898.41	0.138966	133.522	0.00170608
7	-0.13855	-0.13855	11.0047	11.0047	0.650382	0.000186766	4898.26	0.156461	132.681	0.00170274
8	0.0192856	0.0192856	11.0047	11.0047	0.670722	0.000179095	4898.06	0.150035	131.304	0.00169674
9	-0.0749261	-0.0749261	11.0047	11.0047	0.633	0.000155342	4898.66	0.130136	133.568	0.00170639
10	0.0194792	0.0194792	11.0047	11.0047	0.625751	0.000131418	4898.68	0.110093	134.77	0.00171162
11	-0.0106446	-0.0106446	11.0047	11.0047	0.619376	0.000128899	4898.42	0.107984	135.359	0.00171485
12	-0.0303021	-0.0303021	11.0047	11.0047	0.631299	0.000147832	4898.38	0.123845	134.774	0.0017125
13	-0.0835501	-0.0835501	11.0047	11.0047	0.640174	0.000141081	4898.02	0.118189	133.657	0.00170755
14	-0.00386729	-0.00386729	11.0047	11.0047	0.616814	0.000154481	4898.05	0.129415	135.031	0.00171301
15	-0.00341954	-0.00341954	11.0047	11.0047	0.60259	0.000129661	4898.15	0.108622	136.639	0.00171997
16	-0.0485279	-0.0485279	11.0047	11.0047	0.594815	0.000125335	4898.18	0.104998	137.361	0.00172273
17	-0.0820442	-0.0820442	11.0047	11.0047	0.604583	0.000123991	4898.44	0.103872	136.758	0.00172089
18	0.00962023	0.00962023	11.0047	11.0047	0.620658	0.000121027	4898.46	0.101389	135.468	0.0017159
19	-0.213465	-0.213465	11.0047	11.0047	0.599571	0.00013394	4898.63	0.112207	136.815	0.00172109
20	-0.0984995	-0.0984995	11.0047	11.0047	0.591555	0.000120345	4898.64	0.100817	138.34	0.0017288
21	-0.0763072	-0.0763072	11.0047	11.0047	0.587533	0.000118017	4898.41	0.0988675	138.986	0.00173145
22	0.0295234	0.0295234	11.0047	11.0047	0.589005	0.000134013	4898.04	0.112268	138.524	0.00172863
23	-0.0767814	-0.0767814	11.0047	11.0047	0.584031	0.000124449	4899.21	0.104255	139.38	0.00173335
24	-0.0368167	-0.0368167	11.0047	11.0047	0.577095	0.000121031	4898.65	0.101392	140.643	0.00173873
25	-0.109081	-0.109081	11.0047	11.0047	0.574436	0.000112971	4898.25	0.0946402	140.838	0.00173945
26	-0.0532122	-0.0532122	11.0047	11.0047	0.576268	0.000111504	4897.68	0.0934112	139.857	0.00173508
27	-0.0750218	-0.0750218	11.0047	11.0047	0.565985	0.000122601	4897.78	0.102707	142.968	0.00179591
28	-0.176085	-0.176085	11.0047	11.0047	0.55373	0.000112325	4898.12	0.0940992	142.994	0.00174781
29	-0.221225	-0.221225	11.0047	11.0047	0.561334	0.000102651	4898.51	0.0859945	142.872	0.00174788
30	-0.0320761	-0.0320761	11.0047	11.0047	0.560443	0.000107257	4898.23	0.089853	141.892	0.00174329
31	0.093175	0.093175	11.0047	11.0047	0.542589	0.000114054	4896.38	0.0955475	144.48	0.00175365
32	-0.0171733	-0.0171733	11.0047	11.0047	0.539579	0.000106049	4898.19	0.0888413	145.424	0.00175768
33	0.00964697	0.00964697	11.0047	11.0047	0.540907	0.0001141	4898.19	0.0955861	144.82	0.00175527
34	-0.0187664	-0.0187664	11.0047	11.0047	0.527456	0.000106265	4898.3	0.089022	146.863	0.00176297
35	-0.10415	-0.10415	11.0047	11.0047	0.52883	9.75377e-05	4898.19	0.0817111	147.7	0.00176653
36	-0.0493039	-0.0493039	11.0047	11.0047	0.53492	0.000112464	4897.81	0.0942151	146.799	0.0017635
37	-0.0594224	-0.0594224	11.0047	11.0047	0.512577	0.000119928	4897.68	0.100468	149.029	0.00176959
38	-0.0866094	-0.0866094	11.0047	11.0047	0.518487	9.60025e-05	4898.23	0.0804249	150.073	0.00177516
39	0.0238851	0.0238851	11.0047	11.0047	0.515026	9.77852e-05	4898.05	0.0819184	149.434	0.00177175
40	-0.0580946	-0.0580946	11.0047	11.0047	0.497039	8.705e-05	4897.62	0.0729251	152.663	0.00178193
41	-0.0575713	-0.0575713	11.0047	11.0047	0.506705	8.66651e-05	4898.19	0.0726026	152.45	0.00178308
42	0.0213038	0.0213038	11.0047	11.0047	0.488943	9.39313e-05	4897.9	0.0786898	155.289	0.00179
43	-0.103464	-0.103464	11.0047	11.0047	0.493647	9.00914e-05	4897.61	0.075473	155.202	0.0017905
44	-0.137749	-0.137749	11.0047	11.0047	0.472685	8.81873e-05	4896.66	0.0738778	161.194	0.00180548
45	-0.0561472	-0.0561472	11.0047	11.0047	0.471933	9.40413e-05	4898.37	0.0787819	158.645	0.00179818
46	-0.159449	-0.159449	11.0047	11.0047	0.466329	0.000114763	4897.51	0.096141	164.044	0.00180985
47	-0.193995	-0.193995	11.0047	11.0047	0.662327	0.000187856	4898.78	0.157374	131.466	0.00169651
48	-0.140596	-0.140596	11.0047	11.0047	0.636897	0.000154954	4898.59	0.129811	133.038	0.00170351
49	-0.0410191	-0.0410191	11.0047	11.0047	0.636585	0.000157662	4898.68	0.132079	133.636	0.00170681
50	-0.134221	-0.134221	11.0047	11.0047	0.633953	0.000155504	4898.45	0.130272	133.656	0.00170611
51	-0.236594	-0.236594	11.0047	11.0047	0.649605	0.00016278	4898.48	0.136367	132.558	0.00170266
52	-0.00604352	-0.00604352	11.0047	11.0047	0.665129	0.000187756	4898.22	0.15729	131.124	0.00169474
53	-0.0481573	-0.0481573	11.0047	11.0047	0.626229	0.000147046	4898.57	0.123186	133.987	0.00170671
54	-0.192841	-0.192841	11.0047	11.0047	0.620881	0.000155302	4898.69	0.130102	135.061	0.00171227
55	36.5051	36.5051	11.0047	11.0047	-0.495132	0.00013639	4724.69	0.114259	110.965	0.00474988
56	-0.0864267	-0.0864267	11.0047	11.0047	0.62506	0.000153379	4898.51	0.128491	134.758	0.0017133
57	-0.0916051	-0.0916051	11.0047	11.0047	0.633172	0.000155525	4898.16	0.130289	133.542	0.00170478
58	-0.163574	-0.163574	11.0047	11.0047	0.615432	0.00015219	4898.05	0.127495	135.414	0.00171431
59	-0.201007	-0.201007	11.0047	11.0047	0.607611	0.000134789	4898.42	0.112918	136.735	0.00172118
60	-0.0385239	-0.0385239	11.0047	11.0047	0.599786	0.000134404	4898.56	0.112596	137.25	0.00172328
61	-0.0311312	-0.0311312	11.0047	11.0047	0.599697	0.0001342	4898.59	0.112425	136.793	0.00171992
62	-0.0785325	-0.0785325	11.0047	11.0047	0.615396	0.000149928	4898.63	0.1256	135.397	0.00171333
63	-0.196406	-0.196406	11.0047	11.0047	0.597036	0.000136685	4898.61	0.114506	137.228	0.00172236
64	-0.107487	-0.107487	11.0047	11.0047	0.590521	0.000141715	4898.72	0.11872	138.637	0.00173049
65	-0.14036	-0.14036	11.0047	11.0047	0.584081	0.000128494	4898.52	0.107645	139.165	0.00173207
66	-0.113285	-0.113285	11.0047	11.0047	0.58992	0.000120256	4898.34	0.100743	138.451	0.00172821
67	-0.112176	-0.112176	11.0047	11.0047	0.566527	0.000121965	4898.36	0.102175	140.27	0.00209351
68	-0.190999	-0.190999	11.0047	11.0047	0.570635	0.000121683	4898.61	0.101938	141.169	0.00210657
69	-0.14526	-0.14526	11.0047	11.0047	0.56882	0.000113247	4898.34	0.094871	141.006	0.00173974
70	-0.151976	-0.151976	11.0047	11.0047	0.578178	0.000150699	4898.18	0.126246	139.451	0.00173328
71	-0.130806	-0.130806	11.0047	11.0047	0.556846	0.000110633	4897.77	0.0926814	142.009	0.00174312
72	-0.135902	-0.135902	11.0047	11.0047	0.552626	0.000116206	4898.26	0.0973502	143.228	0.00174917
73	-0.141068	-0.141068	11.0047	11.0047	0.549091	0.000134735	4898.37	0.112873	143.315	0.0017493
74	-0.0862398	-0.0862398	11.0047	11.0047	0.556117	0.000119592	4898.44	0.100187	141.865	0.00174269
75	-0.10787	-0.10787	11.0047	11.0047	0.538812	0.000102022	4896.22	0.0854674	144.934	0.0017556
76	-0.142591	-0.142591	11.0047	11.0047	0.537676	0.000107861	4898.35	0.0903589	145.626	0.00175841
77	-0.197688	-0.197688	11.0047	11.0047	0.552372	0.000115494	4898.91	0.0967537	144.326	0.00175431
78	-0.111771	-0.111771	11.0047	11.0047	0.525682	0.000102139	4898.39	0.0855661	147.206	0.00176353
79	-0.170544	-0.170544	11.0047	11.0047	0.524424	0.000105796	4898.26	0.0886295	147.997	0.00176708
80	-0.0591123	-0.0591123	11.0047	11.0047	0.52329	0.000101988	4897.72	0.0854396	147.102	0.00176344
81	-0.09897	-0.09897	11.0047	11.0047	0.515727	9.99055e-05	4897.78	0.0836947	149.547	0.00177218
82	-0.155346	-0.155346	11.0047	11.0047	0.509178	9.52542e-05	4898.09	0.0797981	150.623	0.00177624
83	-0.151685	-0.151685	11.0047	11.0047	0.511469	0.000101674	4898.25	0.0851762	149.487	0.0017712
84	-0.154636	-0.154636	11.0047	11.0047	0.499165	9.1627e-05	4897.83	0.0767594	152.909	0.00178331
85	-0.154766	-0.154766	11.0047	11.0047	0.496254	9.98322e-05	4898.03	0.0836333	152.977	0.00178322
86	-0.1809	-0.1809	11.0047	11.0047	0.487303	8.82453e-05	4897.93	0.0739264	155.842	0.00179161
87	-0.182256	-0.182256	11.0047	11.0047	0.490031	9.21366e-05	4897.73	0.0771863	155.421	0.00179115
88	-0.195877	-0.195877	11.0047	11.0047	0.481474	8.58772e-05	4898.06	0.0719426	158.077	0.00179707
89	-0.166392	-0.166392	11.0047	11.0047	0.467706	8.74152e-05	4897.57	0.0732311	161.814	0.00180652
90	-0.210512	-0.210512	11.0047	11.0047	0.460055	9.06052e-05	4897.4	0.0759034	164.765	0.00181162
91	-0.137055	-0.137055	11.0047	11.0047	0.659391	0.000162489	4898.58	0.136123	129.665	0.00176125
92	-0.156886	-0.156886	11.0047	11.0047	0.640907	0.000146765	4898.6	0.122951	133.433	0.00170602
93	-0.120838	-0.120838	11.0047	11.0047	0.622021	0.000153875	4898.22	0.128907	134.463	0.0017099
94	-0.202585	-0.202585	11.0047	11.0047	0.637312	0.000157607	4898.5	0.132034	133.989	0.0017083
95	-0.21208	-0.21208	11.0047	11.0047	0.648723	0.000155799	4898.44	0.130519	132.935	0.00170436
96	-0.194842	-0.194842	11.0047	11.0047	0.663317	0.000171609	4898.16	0.143763	131.483	0.00169625
97	-0.164236	-0.164236	11.0047	11.0047	0.627248	0.000152575	4898.49	0.127818	134.455	0.00170921
98	-0.166282	-0.166282	11.0047	11.0047	0.611186	0.000129062	4898.36	0.10812	135.748	0.00171625
99	-0.141905	-0.141905	11.0047	11.0047	0.612598	0.000125566	4898.38	0.105191	136.01	0.00171766
100	-0.122087	-0.122087	11.0047	11.0047	0.615996	0.000144656	4898.19	0.121184	135.47	0.00171577
101	-0.206501	-0.206501	11.0047	11.0047	0.637186	0.00015185	4898.24	0.12721	133.811	0.00170775
102	-0.118554	-0.118554	11.0047	11.0047	0.61099	0.000140877	4897.83	0.118018	135.973	0.00171675
103	-0.166034	-0.166034	11.0047	11.0047	0.601105	0.000129599	4898.11	0.10857	137.415	0.00172413
104	-0.159916	-0.159916	11.0047	11.0047	0.594575	0.000129073	4898.33	0.10813	137.848	0.00172628
105	-0.11956	-0.11956	11.0047	11.0047	0.605442	0.000129732	4898.72	0.108682	137.027	0.00172288
106	0	0	11.0047	11.0047	0.616523	0.000145155	4898.69	0.121602	135.658	0.0017158
107	-0.136334	-0.136334	11.0047	11.0047	0.598886	0.000134801	4898.49	0.112928	137.762	0.0017262
108	-0.125839	-0.125839	11.0047	11.0047	0.581494	0.000156555	4898.31	0.131152	139.458	0.00173346
109	-0.190761	-0.190761	11.0047	11.0047	0.586126	0.000130221	4898.5	0.109091	139.58	0.00173416
110	-0.0491035	-0.0491035	11.0047	11.0047	0.585859	0.000121943	4898.2	0.102156	138.935	0.00173078
111	-0.158322	-0.158322	11.0047	11.0047	0.577464	0.000117295	4898.54	0.0982628	140.414	0.00173839
112	-0.139964	-0.139964	11.0047	11.0047	0.567688	0.000124343	4898.39	0.104167	141.681	0.00174365
113	-0.163379	-0.163379	11.0047	11.0047	0.568561	0.000117908	4898.27	0.098776	141.463	0.0017422
114	-0.211408	-0.211408	11.0047	11.0047	0.576296	0.000111664	4897.93	0.093545	140.193	0.00203426
115	-0.192734	-0.192734	11.0047	11.0047	0.557479	0.000137335	4897.63	0.115051	142.513	0.00174499
116	-0.116179	-0.116179	11.0047	11.0047	0.555453	0.000115875	4898.22	0.0970728	143.667	0.00175114
117	-0.135029	-0.135029	11.0047	11.0047	0.545626	0.000139889	4898.17	0.11719	143.88	0.00175085
118	-0.13917	-0.13917	11.0047	11.0047	0.561405	0.000115664	4898.61	0.0968964	142.035	0.00174399
119	0.128598	0.128598	11.0047	11.0047	0.533166	0.00010737	4897.55	0.0899477	145.687	0.00175789
120	-0.118547	-0.118547	11.0047	11.0047	0.53577	0.000115694	4898.17	0.0969217	146.21	0.00176097
121	-0.0741325	-0.0741325	11.0047	11.0047	0.54109	0.000111463	4898.48	0.0933765	145.141	0.00175677
122	-0.1752	-0.1752	11.0047	11.0047	0.527299	0.000103808	4898.24	0.0869637	147.816	0.00176678
123	-0.134254	-0.134254	11.0047	11.0047	0.515086	0.000103536	4897.81	0.0867361	148.866	0.00176993
124	-0.135479	-0.135479	11.0047	11.0047	0.529476	9.85542e-05	4896.56	0.0825626	150.478	0.00184773
125	-0.196614	-0.196614	11.0047	11.0047	0.517294	9.74068e-05	4897.34	0.0816014	151.617	0.00181413
126	-0.137865	-0.137865	11.0047	11.0047	0.511685	0.000103345	4898.06	0.0865758	151.057	0.00177789
127	-0.204628	-0.204628	11.0047	11.0047	0.513401	0.000104203	4897.8	0.0872952	153.786	0.00186054
128	-0.108176	-0.108176	11.0047	11.0047	0.498052	9.48232e-05	4897.62	0.079437	153.572	0.00178549
129	-0.194047	-0.194047	11.0047	11.0047	0.501152	9.21439e-05	4898.17	0.0771925	153.179	0.00178462
130	-0.16281	-0.16281	11.0047	11.0047	0.487433	0.000108462	4897.81	0.0908624	156.418	0.00179416
131	-0.139061	-0.139061	11.0047	11.0047	0.486316	0.000103704	4897.56	0.086877	155.976	0.0017915
132	-0.171753	-0.171753	11.0047	11.0047	0.478596	9.58751e-05	4897.87	0.0803182	158.714	0.00179921
133	-0.178404	-0.178404	11.0047	11.0047	0.467483	9.86128e-05	4897.46	0.0826117	162.37	0.00180833
134	-0.160041	-0.160041	11.0047	11.0047	0.454366	0.000102906	4897.06	0.0862081	165.837	0.00181325
135	-0.195969	-0.195969	11.0047	11.0047	0.546542	0.000127475	4896.64	0.106791	66.2116	0.00101601
136	-0.195969	-0.195969	11.0047	11.0047	0.525042	0.000116604	4896.74	0.0976832	63.8591	0.000980424
137	-0.195969	-0.195969	11.0047	11.0047	0.526584	0.000119494	4896.78	0.100105	62.0659	0.000952035
138	-0.195969	-0.195969	11.0047	11.0047	0.534921	0.000120128	4896.82	0.100636	60.9245	0.000934196
139	-0.195969	-0.195969	11.0047	11.0047	0.540941	0.000132237	4896.39	0.11078	66.5545	0.00102168
140	-0.195969	-0.195969	11.0047	11.0047	0.520539	0.000135134	4896.35	0.113207	64.2411	0.000982002
141	-0.195969	-0.195969	11.0047	11.0047	0.522855	0.0001073	4896.67	0.0898891	62.2051	0.000952852
142	-0.195969	-0.195969	11.0047	11.0047	0.528783	0.000134117	4896.65	0.112355	61.1129	0.000934395
143	-0.195969	-0.195969	11.0047	11.0047	0.750655	0.000197977	4897.36	0.165853	56.524	0.000893828
144	-0.195969	-0.195969	11.0047	11.0047	0.752509	0.000223515	4897.44	0.187247	54.2121	0.000858556
145	-0.195969	-0.195969	11.0047	11.0047	0.743926	0.000207399	4897.51	0.173746	52.3407	0.000829744
146	-0.195969	-0.195969	11.0047	11.0047	0.74415	0.000211833	4897.57	0.177461	50.9164	0.000809558
147	-0.195969	-0.195969	11.0047	11.0047	0.758033	0.000242532	4896.04	0.203179	56.6849	0.000895554
148	-0.195969	-0.195969	11.0047	11.0047	0.746181	0.000251268	4896.32	0.210497	54.2938	0.000861158
149	-0.195969	-0.195969	11.0047	11.0047	0.734391	0.000215547	4896.49	0.180572	52.4877	0.000832336
150	-0.195969	-0.195969	11.0047	11.0047	0.743404	0.000235452	4896.76	0.197247	55.9587	0.000623253
151	-0.195969	-0.195969	11.0047	11.0047	0.543026	0.000123468	4896.21	0.103434	51.9844	0.000815319
152	-0.195969	-0.195969	11.0047	11.0047	0.530425	0.000113233	4896.54	0.0948596	47.3603	0.000749621
153	-0.195969	-0.195969	11.0047	11.0047	0.522896	0.000105363	4896.53	0.0882666	43.8358	0.000692671
154	-0.195969	-0.195969	11.0047	11.0047	0.535521	0.000130032	4896.77	0.108933	41.2202	0.000656836
155	-0.195969	-0.195969	11.0047	11.0047	0.538222	0.00013318	4896.09	0.11157	51.6932	0.000810637
156	-0.195969	-0.195969	11.0047	11.0047	0.529033	0.000112312	4896.37	0.0940876	47.3172	0.000743878
157	-0.195969	-0.195969	11.0047	11.0047	0.528908	0.000114796	4896.72	0.0961689	43.5457	0.000686734
158	-0.195969	-0.195969	11.0047	11.0047	0.523921	0.000126291	4896.74	0.105799	41.3198	0.000654544
159	-0.195969	-0.195969	11.0047	11.0047	0.749956	0.000210422	4896.84	0.176279	42.0664	0.000670348
160	-0.195969	-0.195969	11.0047	11.0047	0.736195	0.000207021	4897.01	0.173429	38.0647	0.000616624
161	-0.195969	-0.195969	11.0047	11.0047	0.734104	0.000194516	4897.13	0.162953	34.5234	0.000569103
162	-0.195969	-0.195969	11.0047	11.0047	0.744521	0.000222284	4897.08	0.186216	32.0684	0.000519557
163	-0.195969	-0.195969	11.0047	11.0047	0.755439	0.000259356	4896.44	0.217272	42.503	0.000686537
164	-0.195969	-0.195969	11.0047	11.0047	0.748813	0.000223962	4896.61	0.187621	38.5515	0.000625983
165	-0.195969	-0.195969	11.0047	11.0047	0.739799	0.000205833	4896.83	0.172434	35.0437	0.00058565
166	-0.195969	-0.195969	11.0047	11.0047	0.741632	0.000250654	4896.92	0.209983	32.4733	0.000522589
167	-0.195969	-0.195969	11.0047	11.0047	0.742069	0.000198222	4896.91	0.166058	45.8802	0.000738027
168	-0.195969	-0.195969	11.0047	11.0047	0.739967	0.0002016	4897.1	0.168888	42.2455	0.000683418
169	-0.195969	-0.195969	11.0047	11.0047	0.726738	0.000178831	4897.18	0.149813	39.3046	0.000635296
170	-0.195969	-0.195969	11.0047	11.0047	0.727176	0.000201959	4897.29	0.169188	36.9416	0.000596505
171	-0.195969	-0.195969	11.0047	11.0047	0.751026	0.000224599	4896.4	0.188155	45.9174	0.000738154
172	-0.195969	-0.195969	11.0047	11.0047	0.730158	0.000237602	4896.54	0.199049	42.5286	0.000684514
173	-0.195969	-0.195969	11.0047	11.0047	1.20916	1.#QNAN	4874.81	-1.#IND	37.8721	0.000645684
174	-0.195969	-0.195969	11.0047	11.0047	0.737737	0.000787339	4896.81	0.659584	37.116	0.000605662
175	-0.195969	-0.195969	11.0047	11.0047	0.536487	0.000113633	4896.49	0.0951949	54.98	0.000853589
176	-0.195969	-0.195969	11.0047	11.0047	0.521423	0.000107585	4896.96	0.0901278	50.7087	0.000781046
177	-0.195969	-0.195969	11.0047	11.0047	0.517178	0.000106234	4896.88	0.0889959	47.9921	0.000759488
178	-0.195969	-0.195969	11.0047	11.0047	0.526839	0.000113134	4897.12	0.0947766	45.8596	0.000721984
179	-0.195969	-0.195969	11.0047	11.0047	0.537825	0.000127495	4896.29	0.106807	54.7394	0.00085976
180	-0.195969	-0.195969	11.0047	11.0047	0.523227	0.000132169	4896.32	0.110723	51.1689	0.000795959
181	-0.195969	-0.195969	11.0047	11.0047	0.525373	0.000434395	4886.88	0.363909	47.8057	0.000750998
182	-0.195969	-0.195969	11.0047	11.0047	0.528587	0.000221562	4896.86	0.185611	45.8092	0.00071907
183	-0.195969	-0.195969	11.0047	11.0047	0.748875	0.000200998	4896.91	0.168383	60.3615	0.000950146
184	-0.195969	-0.195969	11.0047	11.0047	0.740964	0.000197547	4897.06	0.165492	58.2612	0.000917803
185	-0.195969	-0.195969	11.0047	11.0047	0.739257	0.000194669	4897.07	0.163081	56.6823	0.000891105
186	-0.195969	-0.195969	11.0047	11.0047	0.750691	0.000216407	4897.12	0.181293	55.5421	0.000874219
187	-0.195969	-0.195969	11.0047	11.0047	0.743161	0.000224578	4896.75	0.188138	60.3542	0.000946063
188	-0.195969	-0.195969	11.0047	11.0047	0.725977	0.000218667	4896.79	0.183186	58.4574	0.000917671
189	-0.195969	-0.195969	11.0047	11.0047	0.735673	0.000213988	4896.98	0.179266	56.7258	0.000890083
190	-0.195969	-0.195969	11.0047	11.0047	0.73153	0.000231159	4897	0.193651	55.6289	0.000873098
191	-0.195969	-0.195969	11.0047	11.0047	0.5379	0.000124091	4896.77	0.103956	69.4848	0.00106049
192	-0.195969	-0.195969	11.0047	11.0047	0.52822	0.000112202	4896.83	0.0939956	67.6715	0.00102728
193	-0.195969	-0.195969	11.0047	11.0047	0.52337	0.000123382	4896.85	0.103361	66.2893	0.00100235
194	-0.195969	-0.195969	11.0047	11.0047	0.532021	0.000129609	4896.85	0.108578	65.3641	0.00099292
195	-0.195969	-0.195969	11.0047	11.0047	0.544567	0.000134698	4896.71	0.112841	69.9821	0.00107345
196	-0.195969	-0.195969	11.0047	11.0047	0.527961	0.000115747	4896.6	0.096966	68.1114	0.00103403
197	-0.195969	-0.195969	11.0047	11.0047	0.53386	0.00012189	4896.9	0.102112	66.3846	0.00101208
198	-0.195969	-0.195969	11.0047	11.0047	0.545761	0.000135629	4897	0.113621	65.315	0.000996238