Spectrum t0 t0_Err L0 L0_Err L1 L1_Err E1 E1_Err theta theta_Err
3 -0.0934574 0.0559156 11.0049 0.000636239 0.645517 9.72872e-05 4896.43 0.0815012 131.457 0.154955
4 -0.0266972 0.0660976 11.0049 0.000636239 0.628232 7.76114e-05 4896.38 0.065018 132.996 0.113324
5 -0.0352965 0.0375227 11.0049 0.000636239 0.620911 7.56615e-05 4896.7 0.0633845 133.787 0.172336
6 -0.00535964 0.00925765 11.0049 0.000636239 0.619134 8.75882e-05 4896.3 0.073376 133.862 0.127146
7 -0.0855118 0.0742484 11.0049 0.000636239 0.630837 8.47222e-05 4896.76 0.070975 133.029 0.11657
8 0.0729922 0.0516334 11.0049 0.000636239 0.645828 8.56627e-05 4896.65 0.0717629 131.728 0.156247
9 -0.0141047 0.00166777 11.0049 0.000636239 0.616991 7.53163e-05 4896.22 0.0630953 133.835 0.156579
10 0.0768188 0.0118884 11.0049 0.000636239 0.605929 6.63317e-05 4896.74 0.0555686 135.102 0.133005
11 0.0408698 0.0775385 11.0049 0.000636239 0.597124 6.52355e-05 4896.55 0.0546503 135.781 0.167933
12 0.0168761 0.000176126 11.0049 0.000636239 0.606662 6.65807e-05 4896.99 0.0557772 135.226 0.162161
13 -0.0359973 0.0270808 11.0049 0.000636239 0.622119 7.0098e-05 4896.85 0.0587238 133.916 0.153908
14 0.0569431 0.01756 11.0049 0.000636239 0.601905 7.95395e-05 4896.7 0.0666332 135.217 0.110096
15 0.0580276 0.0231468 11.0049 0.000636239 0.590484 6.36163e-05 4896.8 0.0532938 136.814 0.155874
16 0.00213241 0.0708738 11.0049 0.000636239 0.58358 6.1579e-05 4896.74 0.051587 137.5 0.15298
17 -0.0295485 0.0662615 11.0049 0.000636239 0.591857 5.9029e-05 4896.71 0.0494509 136.965 0.140989
18 0.0616565 0.0522761 11.0049 0.000636239 0.600355 6.35282e-05 4896.53 0.05322 135.945 0.182369
19 -0.120997 0.0378509 11.0049 0.000636239 0.586425 6.66321e-05 4896.44 0.0558203 137.018 0.154163
20 -0.0480269 0.0350692 11.0049 0.000636239 0.574292 5.91024e-05 4896.44 0.0495123 138.672 0.151367
21 -0.0171314 0.0774807 11.0049 0.000636239 0.566735 6.03258e-05 4896.43 0.0505372 139.406 0.174409
22 0.0817718 0.0177244 11.0049 0.000636239 0.571311 6.2988e-05 4896.31 0.0527674 138.85 0.209133
23 -0.0226784 0.0246723 11.0049 0.000636239 0.557903 6.06534e-05 4896.33 0.0508116 140.011 0.118228
24 0.00133781 0.0820521 11.0049 0.000636239 0.556047 5.97071e-05 4896.73 0.0500189 141.085 0.16452
25 -0.0583285 0.00110281 11.0049 0.000636239 0.556447 5.42677e-05 4896.83 0.0454621 141.214 0.185737
26 -0.00272881 0.00512735 11.0049 0.000636239 0.566256 5.58081e-05 4896.79 0.0467526 139.965 0.157445
27 -0.0112172 0.00343019 11.0049 0.000636239 0.544018 6.14667e-05 4896.36 0.051493 141.904 0.161342
28 -0.135807 0.0153997 11.0049 0.000636239 0.544741 5.46831e-05 4896.81 0.0458101 143.122 0.194686
29 -0.150149 0.0142591 11.0049 0.000636239 0.543717 5.14996e-05 4896.62 0.0431432 143.237 0.120034
30 0.00955569 0.0585875 11.0049 0.000636239 0.548671 5.19381e-05 4896.66 0.0435105 142.07 0.190867
31 0.142149 0.0499447 11.0049 0.000636239 0.523301 5.57469e-05 4896.16 0.0467013 144.972 0.179977
32 0.0142646 0.0284965 11.0049 0.000636239 0.523202 5.16115e-05 4896.82 0.0432369 145.857 0.209833
33 0.0555441 0.00491129 11.0049 0.000636239 0.524496 5.39875e-05 4896.49 0.0452274 145.207 0.199561
34 0.0271431 0.00994585 11.0049 0.000636239 0.509063 5.36813e-05 4896.38 0.0449709 147.306 0.204776
35 -0.056123 0.00121628 11.0049 0.000636239 0.513333 4.89238e-05 4896.92 0.0409853 148.073 0.235912
36 -0.000485706 0.0309781 11.0049 0.000636239 0.513907 5.16567e-05 4896.55 0.0432748 147.292 0.227565
37 -0.00614271 0.0600291 11.0049 0.000636239 0.498712 6.01075e-05 4896.35 0.0503544 149.502 0.168406
38 -0.0266507 0.017594 11.0049 0.000636239 0.495747 4.66837e-05 4896.6 0.0391087 150.815 0.283497
39 0.0643298 0.046165 11.0049 0.000636239 0.498633 4.99981e-05 4896.33 0.0418853 149.87 0.258909
40 -0.00451292 0.0449944 11.0049 0.000636239 0.483211 4.37846e-05 4896.55 0.03668 153.077 0.301446
41 -0.0190319 0.000606973 11.0049 0.000636239 0.486992 4.42832e-05 4896.47 0.0370977 153.113 0.286581
42 0.0660233 0.044453 11.0049 0.000636239 0.469736 4.59726e-05 4896.49 0.038513 156.062 0.283239
43 -0.059571 0.0703523 11.0049 0.000636239 0.47587 4.42014e-05 4896.61 0.0370292 155.871 0.309361
44 -0.0958013 0.00533095 11.0049 0.000636239 0.453071 4.53141e-05 4896.3 0.0379614 162.28 0.404858
45 -0.0158031 0.0291869 11.0049 0.000636239 0.462762 4.72154e-05 4896.53 0.0395541 158.951 0.36404
46 -0.120844 0.00228337 11.0049 0.000636239 0.44215 5.93606e-05 4895.95 0.0497287 165.884 0.513947
47 -0.977986 0.230406 11.0049 0.000636239 0.6662 9.34086e-05 4896.97 0.0782519 131.312 0.124438
48 -0.234934 0.0678416 11.0049 0.000636239 0.633747 8.19024e-05 4896.64 0.0686128 133.032 0.137557
49 -0.089613 0.0257033 11.0049 0.000636239 0.620668 7.78032e-05 4896.76 0.0651787 133.923 0.125063
50 -0.258645 0.0269665 11.0049 0.000636239 0.626854 7.75993e-05 4896.87 0.0650078 133.683 0.113634
51 -0.250182 0.021056 11.0049 0.000636239 0.635237 7.79557e-05 4896.64 0.0653065 132.875 0.160849
52 -10.233 3.55356 11.0049 0.000636239 0.955653 9.63714e-05 4893.58 0.080734 125.391 0.123318
53 -0.395466 0.0584819 11.0049 0.000636239 0.627736 7.62944e-05 4896.56 0.0639147 133.866 0.0984891
54 -0.228386 0.0839398 11.0049 0.000636239 0.611967 7.09869e-05 4896.64 0.0594684 135.161 0.170255
55 -3.91 3.55083 11.0049 0.000636239 0.718432 6.51224e-05 4898.77 0.0545555 133.04 0.161045
56 -0.111517 0.00562985 11.0049 0.000636239 0.607912 7.2721e-05 4896.83 0.0609212 135.046 0.114768
57 -0.238651 0.00778103 11.0049 0.000636239 0.62422 7.52439e-05 4896.74 0.0630346 133.648 0.201087
58 -0.325001 0.123871 11.0049 0.000636239 0.6052 7.28071e-05 4896.5 0.0609933 135.576 0.168906
59 -0.206905 0.0575747 11.0049 0.000636239 0.592149 6.49523e-05 4896.42 0.054413 136.98 0.157055
60 -0.0679267 0.0079254 11.0049 0.000636239 0.586791 6.31903e-05 4896.85 0.0529369 137.477 0.159848
61 -0.0657396 0.0172883 11.0049 0.000636239 0.593712 6.56983e-05 4896.76 0.055038 136.789 0.126313
62 -0.107371 0.101786 11.0049 0.000636239 0.606204 7.5801e-05 4896.55 0.0635013 135.613 0.177897
63 -0.24238 0.0106654 11.0049 0.000636239 0.586172 6.73522e-05 4896.47 0.0564235 137.351 0.12034
64 -0.148934 0.0103175 11.0049 0.000636239 0.569155 6.95797e-05 4896.49 0.0582895 139.143 0.19541
65 -0.180147 0.0163118 11.0049 0.000636239 0.570962 5.99868e-05 4896.72 0.0502532 139.39 0.168262
66 -0.134493 0.0480894 11.0049 0.000636239 0.577006 6.22267e-05 4896.83 0.0521297 138.658 0.150679
67 -0.141661 0.0126147 11.0049 0.000636239 0.560063 6.14146e-05 4896.3 0.0514493 140.212 0.145083
68 -0.2019 0.0539362 11.0049 0.000636239 0.556554 6.03944e-05 4896.5 0.0505947 141.349 0.162945
69 -0.186161 0.0111624 11.0049 0.000636239 0.558243 5.60204e-05 4896.62 0.0469305 141.18 0.166472
70 -0.180009 0.00941664 11.0049 0.000636239 0.569335 6.78006e-05 4896.82 0.0567991 139.759 0.137249
71 -0.153508 0.0272909 11.0049 0.000636239 0.540052 6.07877e-05 4896.12 0.0509241 142.39 0.17701
72 -0.161928 0.0117698 11.0049 0.000636239 0.536089 5.75029e-05 4896.49 0.0481724 143.591 0.181316
73 -0.181702 0.011663 11.0049 0.000636239 0.539874 6.80524e-05 4896.63 0.0570101 143.555 0.140423
74 -0.224473 0.0701416 11.0049 0.000636239 0.551979 5.72601e-05 4896.7 0.047969 141.942 0.136921
75 -0.145222 0.0514489 11.0049 0.000636239 0.524508 5.40577e-05 4896.46 0.0452862 145.249 0.190049
76 -0.174678 0.0104858 11.0049 0.000636239 0.524907 5.28989e-05 4896.78 0.0443154 145.906 0.185776
77 -0.219877 0.0388995 11.0049 0.000636239 0.531369 5.50342e-05 4896.53 0.0461042 144.949 0.185121
78 -0.139981 0.00475751 11.0049 0.000636239 0.512717 5.21144e-05 4896.39 0.0436582 147.559 0.23923
79 -0.199146 0.0388765 11.0049 0.000636239 0.511007 5.11121e-05 4896.62 0.0428186 148.339 0.237074
80 -0.227715 0.0409766 11.0049 0.000636239 0.517574 5.25221e-05 4896.77 0.0439997 147.164 0.234434
81 -0.417332 0.109321 11.0049 0.000636239 0.505461 4.99894e-05 4896.69 0.041878 149.719 0.319507
82 -0.263502 0.0166997 11.0049 0.000636239 0.496852 4.81183e-05 4896.65 0.0403106 150.983 0.235479
83 -0.326274 0.0568459 11.0049 0.000636239 0.508889 4.99596e-05 4897.01 0.041853 149.465 0.311775
84 -0.183891 0.00396775 11.0049 0.000636239 0.481378 4.47134e-05 4896.17 0.0374581 153.55 0.267265
85 -0.338715 0.0967078 11.0049 0.000636239 0.489623 4.84043e-05 4896.86 0.0405501 153.084 0.249268
86 -0.27153 0.0614076 11.0049 0.000636239 0.474858 4.45792e-05 4896.47 0.0373457 156.328 0.38571
87 -0.464557 0.0957099 11.0049 0.000636239 0.483975 4.53345e-05 4896.97 0.0379785 155.532 0.301744
88 -1.18048 0.346446 11.0049 0.000636239 0.494838 4.27969e-05 4897.72 0.0358526 157.348 0.316421
89 -1.16319 0.353016 11.0049 0.000636239 0.480031 4.36115e-05 4897.36 0.036535 160.948 0.322402
90 -3.35419 1.08631 11.0049 0.000636239 0.540992 4.38403e-05 4899.45 0.0367267 159.683 0.421269
91 -0.114064 0.0194693 11.0049 0.000636239 0.639733 8.1542e-05 4896.22 0.0683109 132.308 0.120212
92 -0.126752 0.0734127 11.0049 0.000636239 0.625936 7.42665e-05 4896.66 0.0622159 133.673 0.149717
93 -0.0807786 0.088599 11.0049 0.000636239 0.612593 7.61845e-05 4896.41 0.0638226 134.534 0.12208
94 -0.170417 0.0351716 11.0049 0.000636239 0.618545 7.54845e-05 4896.71 0.0632362 134.285 0.140259
95 -0.163195 0.00967973 11.0049 0.000636239 0.6293 8.47355e-05 4896.49 0.0709861 133.257 0.136902
96 -0.197365 0.0787411 11.0049 0.000636239 0.651327 8.66776e-05 4896.45 0.0726131 131.619 0.108879
97 -0.13234 0.0210861 11.0049 0.000636239 0.621577 0.000298532 4896.51 0.250091 134.743 0.155491
98 -0.124424 0.0446929 11.0049 0.000636239 0.599307 6.41498e-05 4896.57 0.0537407 135.91 0.14785
99 -0.10506 0.0859249 11.0049 0.000636239 0.596069 6.11695e-05 4896.51 0.051244 136.275 0.141672
100 -0.0725535 0.0460445 11.0049 0.000636239 0.609458 7.38306e-05 4896.66 0.0618507 135.448 0.17895
101 -0.186951 0.0110783 11.0049 0.000636239 0.619729 7.16663e-05 4896.47 0.0600376 134.076 0.132449
102 -0.0741435 0.0765188 11.0049 0.000636239 0.595488 7.78178e-05 4896.37 0.065191 136.219 0.159059
103 -0.135052 0.0532604 11.0049 0.000636239 0.587802 6.27954e-05 4896.48 0.0526061 137.579 0.159033
104 -0.130134 0.0121274 11.0049 0.000636239 0.582642 5.99516e-05 4896.53 0.0502237 138.03 0.188607
105 -0.0753602 0.033976 11.0049 0.000636239 0.58986 6.57381e-05 4896.81 0.0550713 137.296 0.152642
106 -0.402906 7.13086e-05 11.0049 0.000636239 0.60835 7.02267e-05 4897.9 0.0588316 135.773 0.148344
107 -0.103827 0.0301788 11.0049 0.000636239 0.580621 6.87591e-05 4896.27 0.0576021 138.05 0.144246
108 -0.0886674 0.00933888 11.0049 0.000636239 0.564781 7.93035e-05 4896.49 0.0664355 139.72 0.166075
109 -0.158236 0.0255742 11.0049 0.000636239 0.565177 6.51451e-05 4896.5 0.0545745 140.08 0.112957
110 -0.0114323 0.0362617 11.0049 0.000636239 0.570888 5.87489e-05 4896.46 0.0492162 139.218 0.153035
111 -0.12459 0.00360626 11.0049 0.000636239 0.558277 5.85139e-05 4896.19 0.0490194 140.811 0.244501
112 -0.103755 0.0366523 11.0049 0.000636239 0.5524 6.17768e-05 4896.66 0.0517528 142.055 0.240864
113 -0.140999 0.0678527 11.0049 0.000636239 0.551093 5.91207e-05 4896.52 0.0495277 141.868 0.153021
114 -0.184863 0.0361927 11.0049 0.000636239 0.564416 5.54893e-05 4896.63 0.0464855 140.299 0.147789
115 -0.155287 0.0508361 11.0049 0.000636239 0.543973 6.6491e-05 4896.36 0.055702 142.857 0.23365
116 -0.0776734 0.0564236 11.0049 0.000636239 0.535609 6.08561e-05 4896.62 0.0509814 144.141 0.0456162
117 -0.109723 0.0549868 11.0049 0.000636239 0.533518 7.18576e-05 4896.23 0.0601978 144.16 0.19331
118 -0.100841 0.0514397 11.0049 0.000636239 0.546234 5.6275e-05 4896.42 0.0471437 142.321 0.160075
119 0.128805 0.373068 11.0049 0.000636239 0.519355 5.45304e-05 4889.44 0.0456822 146.014 0.178963
120 -0.0795426 0.0122504 11.0049 0.000636239 0.52409 5.45767e-05 4896.68 0.045721 146.512 0.243442
121 -0.0385442 0.0732046 11.0049 0.000636239 0.526081 5.74012e-05 4896.47 0.0480872 145.482 0.164793
122 -0.131373 0.00731658 11.0049 0.000636239 0.512784 5.32642e-05 4896.36 0.0446214 148.149 0.194258
123 -0.093849 0.025202 11.0049 0.000636239 0.507291 5.18417e-05 4896.44 0.0434297 149.024 0.223777
124 -0.109319 0.0533704 11.0049 0.000636239 0.513578 5.16006e-05 4896.52 0.0432278 147.761 0.213951
125 -0.165425 0.0183467 11.0049 0.000636239 0.498371 5.12446e-05 4896.17 0.0429296 150.641 0.250538
126 -0.107096 0.0284427 11.0049 0.000636239 0.497922 5.25512e-05 4896.68 0.0440241 151.433 0.234971
127 -0.166931 0.0295901 11.0049 0.000636239 0.503368 5.26143e-05 4896.54 0.044077 150.009 0.210539
128 -0.0789407 0.0276706 11.0049 0.000636239 0.481084 4.75673e-05 4896.36 0.0398489 154.166 0.269826
129 -0.155506 0.0116988 11.0049 0.000636239 0.484387 4.48782e-05 4896.23 0.0375961 153.817 0.260603
130 -0.142702 0.0258333 11.0049 0.000636239 0.470795 5.39444e-05 4896.15 0.0451913 157.143 0.292189
131 -0.112249 0.0132955 11.0049 0.000636239 0.470712 5.56531e-05 4896.32 0.0466227 156.442 0.247589
132 -0.148709 0.0367763 11.0049 0.000636239 0.461589 4.75296e-05 4896.09 0.0398173 159.626 0.365592
133 -0.155906 0.0130728 11.0049 0.000636239 0.450845 4.80733e-05 4896.14 0.0402728 163.455 0.415757
134 -0.134691 0.00584276 11.0049 0.000636239 0.440506 5.33586e-05 4895.96 0.0447006 166.875 0.465606
135 -0.198189 0.0101963 11.0049 0.000636239 0.534776 6.27806e-05 4897.19 0.0525937 66.3028 0.0468809
136 -0.198189 0.0101963 11.0049 0.000636239 0.522908 6.01889e-05 4897.15 0.0504225 63.9018 0.0358333
137 -0.198189 0.0101963 11.0049 0.000636239 0.513927 6.1075e-05 4896.95 0.0511648 62.2877 0.115674
138 -0.198189 0.0101963 11.0049 0.000636239 0.5254 6.18904e-05 4897.22 0.051848 60.9558 0.0360877
139 -0.198189 0.0101963 11.0049 0.000636239 0.528882 6.79073e-05 4897.19 0.0568885 66.5933 0.0689689
140 -0.198189 0.0101963 11.0049 0.000636239 0.520292 7.08682e-05 4897.2 0.059369 64.2826 0.0314198
141 -0.198189 0.0101963 11.0049 0.000636239 0.516937 5.66991e-05 4897.14 0.047499 62.3771 0.0634861
142 -0.198189 0.0101963 11.0049 0.000636239 0.526719 7.24439e-05 4897.31 0.060689 61.1141 0.0770299
143 -0.198189 0.0101963 11.0049 0.000636239 0.745883 0.000103421 4897.31 0.0866398 56.6037 0.0488576
144 -0.198189 0.0101963 11.0049 0.000636239 0.734394 0.000103827 4897.26 0.0869794 54.3071 0.0399565
145 -0.198189 0.0101963 11.0049 0.000636239 0.73152 0.000107284 4897.23 0.0898757 52.4487 0.0456299
146 -0.198189 0.0101963 11.0049 0.000636239 0.734538 0.000122076 4897.25 0.102268 51 0.0127316
147 -0.198189 0.0101963 11.0049 0.000636239 0.745803 0.000113886 4897.41 0.0954063 56.5772 0.10461
148 -0.198189 0.0101963 11.0049 0.000636239 0.735631 0.000116567 4897.28 0.0976526 54.4478 0.19284
149 -0.198189 0.0101963 11.0049 0.000636239 0.734699 0.000102888 4897.21 0.0861935 52.6024 0.0590785
150 -0.198189 0.0101963 11.0049 0.000636239 0.739116 0.000114316 4897.32 0.095767 51.0514 0.0129923
151 -0.198189 0.0101963 11.0049 0.000636239 0.527069 6.01354e-05 4896.86 0.0503777 52.0967 0.0966793
152 -0.198189 0.0101963 11.0049 0.000636239 0.516856 5.91889e-05 4896.95 0.0495848 47.2354 0.230896
153 -0.198189 0.0101963 11.0049 0.000636239 0.513364 5.44042e-05 4896.98 0.0455765 43.9995 0.102234
154 -0.198189 0.0101963 11.0049 0.000636239 0.522349 6.47926e-05 4897.05 0.0542792 41.3572 0.0920998
155 -0.198189 0.0101963 11.0049 0.000636239 0.53113 6.73312e-05 4896.98 0.0564059 51.8489 0.0725444
156 -0.198189 0.0101963 11.0049 0.000636239 0.51585 5.79965e-05 4897.04 0.0485859 47.304 0.100633
157 -0.198189 0.0101963 11.0049 0.000636239 0.515791 5.92451e-05 4896.98 0.0496319 43.7479 0.192024
158 -0.198189 0.0101963 11.0049 0.000636239 0.520767 6.57419e-05 4897.17 0.0550745 41.1941 0.124488
159 -0.198189 0.0101963 11.0049 0.000636239 0.732871 9.67844e-05 4897.16 0.08108 42.2898 0.175351
160 -0.198189 0.0101963 11.0049 0.000636239 0.724261 0.000108342 4897.17 0.0907625 38.1413 0.115926
161 -0.198189 0.0101963 11.0049 0.000636239 0.726958 0.000108385 4896.33 0.0907979 36.5826 2.69651e-12
162 -0.198189 0.0101963 11.0049 0.000636239 0.731392 0.000109352 4897.24 0.0916079 32.0468 0.0395471
163 -0.198189 0.0101963 11.0049 0.000636239 0.738534 0.000117637 4897.21 0.0985486 42.5061 0.07949
164 -0.198189 0.0101963 11.0049 0.000636239 0.733576 0.000105772 4897 0.0886088 38.7768 0.117915
165 -0.198189 0.0101963 11.0049 0.000636239 0.728475 0.00010766 4897.4 0.0901911 34.7499 0.23644
166 -0.198189 0.0101963 11.0049 0.000636239 0.731388 0.000108166 4897.28 0.090615 32.5457 0.0209273
167 -0.198189 0.0101963 11.0049 0.000636239 0.730929 0.000104465 4897.19 0.0875142 45.9431 0.105437
168 -0.198189 0.0101963 11.0049 0.000636239 0.721133 0.000102258 4897.19 0.0856658 42.4009 0.063475
169 -0.198189 0.0101963 11.0049 0.000636239 0.723341 9.49273e-05 4897.2 0.0795242 39.4228 0.0481327
170 -0.198189 0.0101963 11.0049 0.000636239 0.723743 0.000104258 4897.25 0.0873406 37.0308 0.0375741
171 -0.198189 0.0101963 11.0049 0.000636239 0.735741 0.000120187 4897.25 0.100685 45.9746 0.139037
172 -0.198189 0.0101963 11.0049 0.000636239 0.725498 0.000137704 4897.21 0.11536 42.6155 0.0699511
173 -0.198189 0.0101963 11.0049 0.000636239 0.736236 0.0023163 4892.05 1.94045 37.4212 1.88686e-11
174 -0.198189 0.0101963 11.0049 0.000636239 0.730685 0.000446789 4897.25 0.374292 37.171 0.0303173
175 -0.198189 0.0101963 11.0049 0.000636239 0.523516 5.90274e-05 4897.04 0.0494495 55.0852 0.119052
176 -0.198189 0.0101963 11.0049 0.000636239 0.511367 5.49484e-05 4897.08 0.0460323 51.0652 0.0955998
177 -0.198189 0.0101963 11.0049 0.000636239 0.510688 5.56671e-05 4897.06 0.0466344 48.0414 0.113085
178 -0.198189 0.0101963 11.0049 0.000636239 0.514187 6.114e-05 4897.06 0.0512193 45.9759 0.0931984
179 -0.198189 0.0101963 11.0049 0.000636239 0.528325 6.50535e-05 4897.1 0.0544978 54.881 0.0410561
180 -0.198189 0.0101963 11.0049 0.000636239 0.512578 6.73715e-05 4897.06 0.0564397 51.1956 0.186223
181 -0.198189 0.0101963 11.0049 0.000636239 0.486485 0.000302947 4896.21 0.25379 48.0335 0.0900289
182 -0.198189 0.0101963 11.0049 0.000636239 0.517757 0.000110803 4897.07 0.0928243 45.9471 0.115349
183 -0.198189 0.0101963 11.0049 0.000636239 0.746496 0.000108868 4897.34 0.0912032 60.339 0.0283753
184 -0.198189 0.0101963 11.0049 0.000636239 0.735198 0.000105336 4897.38 0.0882437 58.3111 0.0399358
185 -0.198189 0.0101963 11.0049 0.000636239 0.735651 0.000101505 4897.33 0.085035 56.7141 0.0336873
186 -0.198189 0.0101963 11.0049 0.000636239 0.741823 0.000108947 4897.33 0.0912687 55.5712 0.0314784
187 -0.198189 0.0101963 11.0049 0.000636239 0.745321 0.000128513 4897.34 0.10766 60.3392 0.0246196
188 -0.198189 0.0101963 11.0049 0.000636239 0.727954 0.000129072 4897.28 0.108129 58.411 0.0334138
189 -0.198189 0.0101963 11.0049 0.000636239 0.72734 0.000118103 4897.3 0.0989395 56.808 0.0331373
190 -0.198189 0.0101963 11.0049 0.000636239 0.731304 0.000131977 4897.28 0.110562 55.6244 0.0413367
191 -0.198189 0.0101963 11.0049 0.000636239 0.532008 7.00793e-05 4897.3 0.0587081 69.5765 0.0829987
192 -0.198189 0.0101963 11.0049 0.000636239 0.516059 5.79869e-05 4897.17 0.0485778 67.7144 0.0226748
193 -0.198189 0.0101963 11.0049 0.000636239 0.517317 6.18244e-05 4897.27 0.0517926 66.1939 0.0363399
194 -0.198189 0.0101963 11.0049 0.000636239 0.523885 6.78581e-05 4897.31 0.0568473 65.1657 0.11248
195 -0.198189 0.0101963 11.0049 0.000636239 0.537542 6.8995e-05 4897.13 0.0577997 70.1056 0.0128558
196 -0.198189 0.0101963 11.0049 0.000636239 0.524751 6.09158e-05 4897.23 0.0510315 67.9954 0.0281437
197 -0.198189 0.0101963 11.0049 0.000636239 0.522274 6.23499e-05 4897.24 0.0522329 66.4993 0.0598665
198 -0.198189 0.0101963 11.0049 0.000636239 0.527034 6.61553e-05 4897.24 0.0554208 65.3644 0.0487717
