Spectrum t0 t0_Err L0 L0_Err L1 L1_Err E1 E1_Err theta theta_Err
3 -0.0934574 0.0559156 11.0049 0.000636239 0.65678 0.000146753 4909.05 0.122941 131.241 0.408814
4 -0.0266972 0.0660976 11.0049 0.000636239 0.63795 0.000120897 4911.16 0.10128 132.903 0.347848
5 -0.0352965 0.0375227 11.0049 0.000636239 0.62675 0.00011709 4903.79 0.0980905 133.746 0.414818
6 -0.00535964 0.00925765 11.0049 0.000636239 0.623883 0.000140727 4917.75 0.117892 133.86 0.434822
7 -0.0855118 0.0742484 11.0049 0.000636239 0.637336 0.000133376 4904.22 0.111734 132.943 0.417521
8 0.0729922 0.0516334 11.0049 0.000636239 0.656291 0.000144742 4903.76 0.121256 131.601 0.360016
9 -0.0141047 0.00166777 11.0049 0.000636239 0.621278 0.000123753 4918.26 0.103672 133.829 0.448654
10 0.0768188 0.0118884 11.0049 0.000636239 0.610294 0.00010479 4902.75 0.0877862 135.061 0.423223
11 0.0408698 0.0775385 11.0049 0.000636239 0.608709 9.93548e-05 4901.48 0.0832333 135.135 0.239799
12 0.0168761 0.000176126 11.0049 0.000636239 0.610597 0.000109961 4896.47 0.0921185 135.145 0.417298
13 -0.0359973 0.0270808 11.0049 0.000636239 0.634317 0.000109252 4894.69 0.0915249 133.726 0.452724
14 0.0569431 0.01756 11.0049 0.000636239 0.60942 0.000121064 4903.73 0.10142 135.184 0.385807
15 0.0580276 0.0231468 11.0049 0.000636239 0.592671 0.000101363 4901.01 0.0849153 136.868 0.410182
16 0.00213241 0.0708738 11.0049 0.000636239 0.590302 0.000120916 4900.23 0.101296 137.299 0.538366
17 -0.0295485 0.0662615 11.0049 0.000636239 0.593012 8.88292e-05 4906.51 0.0744156 136.99 0.449313
18 0.0616565 0.0522761 11.0049 0.000636239 0.603056 9.85362e-05 4907.72 0.0825475 135.844 0.510716
19 -0.120997 0.0378509 11.0049 0.000636239 0.594077 0.000106976 4908.29 0.0896177 136.913 0.449026
20 -0.0480269 0.0350692 11.0049 0.000636239 0.580643 9.29487e-05 4908.99 0.0778667 138.615 0.426264
21 -0.0171314 0.0774807 11.0049 0.000636239 0.574067 9.27204e-05 4906.63 0.0776754 139.158 0.0885165
22 0.0817718 0.0177244 11.0049 0.000636239 0.580381 0.000100801 4908.46 0.0844448 138.56 0.557745
23 -0.0226784 0.0246723 11.0049 0.000636239 0.565959 9.83767e-05 4909.57 0.0824139 139.769 0.450627
24 0.00133781 0.0820521 11.0049 0.000636239 0.558984 9.70567e-05 4904.52 0.0813081 141.135 0.493765
25 -0.0583285 0.00110281 11.0049 0.000636239 0.563386 8.81294e-05 4897.56 0.0738294 141.083 0.507841
26 -0.00272881 0.00512735 11.0049 0.000636239 0.567003 9.11761e-05 4905.09 0.0763817 138.196 3.10968
27 -0.0112172 0.00343019 11.0049 0.000636239 0.55392 9.74628e-05 4905.83 0.0816483 141.774 0.372967
28 -0.135807 0.0153997 11.0049 0.000636239 0.547386 8.84032e-05 4899.82 0.0740587 143.015 0.577582
29 -0.150149 0.0142591 11.0049 0.000636239 0.549008 8.17333e-05 4902.32 0.0684711 143.283 0.423151
30 0.00955569 0.0585875 11.0049 0.000636239 0.554215 8.28655e-05 4903.32 0.0694196 142.01 0.450023
31 0.142149 0.0499447 11.0049 0.000636239 0.528781 8.52311e-05 4909.63 0.0714013 144.944 0.456698
32 0.0142646 0.0284965 11.0049 0.000636239 0.530614 8.49439e-05 4897.12 0.0711607 142.17 5.38366
33 0.0555441 0.00491129 11.0049 0.000636239 0.529947 8.81325e-05 4905.22 0.0738319 145.106 0.58924
34 0.0271431 0.00994585 11.0049 0.000636239 0.517477 8.60406e-05 4904.86 0.0720795 147.206 0.522724
35 -0.056123 0.00121628 11.0049 0.000636239 0.518757 7.96459e-05 4894.99 0.0667224 148.023 0.562633
36 -0.000485706 0.0309781 11.0049 0.000636239 0.517229 9.32892e-05 4907.08 0.0781519 147.218 0.622825
37 -0.00614271 0.0600291 11.0049 0.000636239 0.50698 9.73224e-05 4905.27 0.0815307 149.204 0.618178
38 -0.0266507 0.017594 11.0049 0.000636239 0.503311 7.39372e-05 4899.97 0.06194 150.65 0.60721
39 0.0643298 0.046165 11.0049 0.000636239 0.509219 8.10522e-05 4904.32 0.0679005 149.613 0.56285
40 -0.00451292 0.0449944 11.0049 0.000636239 0.489753 6.96096e-05 4902.7 0.0583146 152.991 0.688353
41 -0.0190319 0.000606973 11.0049 0.000636239 0.491552 7.10371e-05 4905.72 0.0595104 144.889 14.4084
42 0.0660233 0.044453 11.0049 0.000636239 0.47501 7.24264e-05 4903.32 0.0606744 148.079 14.1951
43 -0.059571 0.0703523 11.0049 0.000636239 0.481052 7.01586e-05 4901.61 0.0587745 146.067 17.229
44 -0.0958013 0.00533095 11.0049 0.000636239 0.458197 7.05867e-05 4906.94 0.0591331 162.228 1.00265
45 -0.0158031 0.0291869 11.0049 0.000636239 0.469565 7.6079e-05 4902.27 0.0637342 158.606 0.981152
46 -0.120844 0.00228337 11.0049 0.000636239 0.446577 9.07649e-05 4912.98 0.0760372 165.086 1.53443
47 -0.977986 0.230406 11.0049 0.000636239 0.679998 0.000152336 4887.58 0.127618 131.142 0.468649
48 -0.234934 0.0678416 11.0049 0.000636239 0.637327 0.000131727 4906.49 0.110353 133.047 0.453425
49 -0.089613 0.0257033 11.0049 0.000636239 0.630351 0.000123647 4896.17 0.103584 131.077 4.8556
50 -0.258645 0.0269665 11.0049 0.000636239 0.631833 0.000122969 4896.52 0.103015 133.486 0.533924
51 -0.250182 0.021056 11.0049 0.000636239 0.6393 0.00012952 4906.6 0.108504 132.522 0.206394
52 -10.233 3.55356 11.0049 0.000636239 0.961162 0.000158379 4647.18 0.13268 125.35 0.444776
53 -0.395466 0.0584819 11.0049 0.000636239 0.630306 0.000127503 4907.93 0.106814 133.925 0.319732
54 -0.228386 0.0839398 11.0049 0.000636239 0.613185 0.000114272 4906.78 0.0957301 135.076 0.0930332
55 -3.91 3.55083 11.0049 0.000636239 0.725153 0.000102522 4825.96 0.0858866 133.407 0.535051
56 -0.111517 0.00562985 11.0049 0.000636239 0.610996 0.000118405 4901.07 0.0991925 130.05 8.81663
57 -0.238651 0.00778103 11.0049 0.000636239 0.62982 0.000118063 4901.64 0.0989061 133.674 0.351057
58 -0.325001 0.123871 11.0049 0.000636239 0.614184 0.000115196 4903.93 0.0965044 135.474 0.394563
59 -0.206905 0.0575747 11.0049 0.000636239 0.597916 0.000103784 4909.52 0.086944 136.878 0.485135
60 -0.0679267 0.0079254 11.0049 0.000636239 0.596446 9.94021e-05 4893.07 0.0832729 137.284 0.280471
61 -0.0657396 0.0172883 11.0049 0.000636239 0.596747 0.000106564 4902.2 0.0892729 136.617 0.547445
62 -0.107371 0.101786 11.0049 0.000636239 0.61152 0.000122706 4902.06 0.102796 136.807 2.04223
63 -0.24238 0.0106654 11.0049 0.000636239 0.591227 0.000107859 4907.58 0.0903575 137.285 0.500585
64 -0.148934 0.0103175 11.0049 0.000636239 0.57335 0.000116383 4905.47 0.0974983 139.008 0.582365
65 -0.180147 0.0163118 11.0049 0.000636239 0.580217 0.000109937 4896.78 0.0920984 139.329 0.503679
66 -0.134493 0.0480894 11.0049 0.000636239 0.583266 9.68778e-05 4896.41 0.0811582 138.584 0.481038
67 -0.141661 0.0126147 11.0049 0.000636239 0.567021 9.66589e-05 4910.18 0.0809749 140.009 0.52057
68 -0.2019 0.0539362 11.0049 0.000636239 0.563398 9.37214e-05 4903.33 0.078514 141.272 0.429816
69 -0.186161 0.0111624 11.0049 0.000636239 0.563369 8.95983e-05 4903.11 0.0750599 141.183 0.440657
70 -0.180009 0.00941664 11.0049 0.000636239 0.571012 0.000253465 4901.98 0.212337 139.42 0.332776
71 -0.153508 0.0272909 11.0049 0.000636239 0.549047 9.21911e-05 4910.08 0.077232 142.266 0.541949
72 -0.161928 0.0117698 11.0049 0.000636239 0.541886 9.19062e-05 4904.52 0.0769933 143.368 0.601981
73 -0.181702 0.011663 11.0049 0.000636239 0.548385 0.000110679 4898.15 0.0927202 143.027 0.576142
74 -0.224473 0.0701416 11.0049 0.000636239 0.558961 9.22568e-05 4898.59 0.077287 141.589 0.54809
75 -0.145222 0.0514489 11.0049 0.000636239 0.529622 8.69965e-05 4905.66 0.0728803 145.091 0.611883
76 -0.174678 0.0104858 11.0049 0.000636239 0.531563 8.74755e-05 4896.58 0.0732816 145.913 0.561788
77 -0.219877 0.0388995 11.0049 0.000636239 0.539568 8.8424e-05 4902.44 0.0740762 144.864 0.403849
78 -0.139981 0.00475751 11.0049 0.000636239 0.51303 8.34016e-05 4908.84 0.0698687 147.561 0.637192
79 -0.199146 0.0388765 11.0049 0.000636239 0.515353 7.911e-05 4901.11 0.0662735 148.457 0.510402
80 -0.227715 0.0409766 11.0049 0.000636239 0.523172 8.32326e-05 4898.16 0.0697271 147.009 0.60655
81 -0.417332 0.109321 11.0049 0.000636239 0.509381 8.03605e-05 4901.76 0.0673211 149.395 0.24764
82 -0.263502 0.0166997 11.0049 0.000636239 0.502179 7.67487e-05 4899.91 0.0642953 150.945 0.558955
83 -0.326274 0.0568459 11.0049 0.000636239 0.510365 8.10516e-05 4895.99 0.0679 149.417 0.672061
84 -0.183891 0.00396775 11.0049 0.000636239 0.486236 7.15381e-05 4909.92 0.0599302 153.527 0.655238
85 -0.338715 0.0967078 11.0049 0.000636239 0.496976 7.69209e-05 4893.72 0.0644396 152.942 0.654242
86 -0.27153 0.0614076 11.0049 0.000636239 0.479234 7.01786e-05 4902.38 0.0587913 156.335 0.634528
87 -0.464557 0.0957099 11.0049 0.000636239 0.490802 7.33535e-05 4892.02 0.061451 155.354 0.828384
88 -1.18048 0.346446 11.0049 0.000636239 0.500066 6.72533e-05 4876.55 0.0563407 157.336 0.693887
89 -1.16319 0.353016 11.0049 0.000636239 0.489113 6.83869e-05 4881.62 0.0572903 160.675 0.81874
90 -3.35419 1.08631 11.0049 0.000636239 0.551891 7.16476e-05 4822.41 0.0600219 159.255 0.969477
91 -0.114064 0.0194693 11.0049 0.000636239 0.650092 0.000129756 4915.23 0.108702 132.285 0.361986
92 -0.126752 0.0734127 11.0049 0.000636239 0.628654 0.000116818 4904.46 0.0978626 133.551 0.471681
93 -0.0807786 0.088599 11.0049 0.000636239 0.62267 0.000125876 4905.53 0.105451 132.857 2.7167
94 -0.170417 0.0351716 11.0049 0.000636239 0.631131 0.000123265 4895.26 0.103264 134.044 0.485111
95 -0.163195 0.00967973 11.0049 0.000636239 0.635228 0.000129842 4909.42 0.108773 133.081 0.0660877
96 -0.197365 0.0787411 11.0049 0.000636239 0.658728 0.000137541 4910.68 0.115223 131.59 0.398651
97 -0.13234 0.0210861 11.0049 0.000636239 0.619542 0.000199318 4907.15 0.166977 134.278 0.742357
98 -0.124424 0.0446929 11.0049 0.000636239 0.609505 0.000101295 4899.98 0.084859 135.541 0.590081
99 -0.10506 0.0859249 11.0049 0.000636239 0.604834 9.59612e-05 4903.55 0.0803904 136.235 0.38617
100 -0.0725535 0.0460445 11.0049 0.000636239 0.604648 0.000120569 4909.91 0.101005 135.781 0.37588
101 -0.186951 0.0110783 11.0049 0.000636239 0.631827 0.000118092 4905.07 0.0989302 133.788 0.515077
102 -0.0741435 0.0765188 11.0049 0.000636239 0.604464 0.000117834 4908.72 0.098714 136.168 0.456403
103 -0.135052 0.0532604 11.0049 0.000636239 0.590998 0.000102104 4907.02 0.0855366 137.542 0.56653
104 -0.130134 0.0121274 11.0049 0.000636239 0.58627 9.5808e-05 4906.37 0.080262 137.987 0.600568
105 -0.0753602 0.033976 11.0049 0.000636239 0.595914 0.000105534 4897.12 0.0884096 137.237 0.529456
106 -0.402906 7.13086e-05 11.0049 0.000636239 0.612731 0.000107939 4883.03 0.0904243 135.982 0.36871
107 -0.103827 0.0301788 11.0049 0.000636239 0.590675 0.000105663 4907.96 0.0885179 137.851 0.589838
108 -0.0886674 0.00933888 11.0049 0.000636239 0.567043 0.000123057 4909.5 0.103089 139.601 0.629718
109 -0.158236 0.0255742 11.0049 0.000636239 0.572097 9.96254e-05 4902.66 0.08346 139.853 0.565409
110 -0.0114323 0.0362617 11.0049 0.000636239 0.57574 9.44857e-05 4906.4 0.0791543 139.32 0.399638
111 -0.12459 0.00360626 11.0049 0.000636239 0.564861 9.29908e-05 4907.8 0.0779019 140.862 0.406296
112 -0.103755 0.0366523 11.0049 0.000636239 0.553467 9.94461e-05 4902.86 0.0833098 141.838 0.663743
113 -0.140999 0.0678527 11.0049 0.000636239 0.560078 9.43256e-05 4900.75 0.0790201 141.762 0.484936
114 -0.184863 0.0361927 11.0049 0.000636239 0.562785 8.82551e-05 4907.7 0.0739346 140.462 0.382632
115 -0.155287 0.0508361 11.0049 0.000636239 0.550573 0.000102488 4906.03 0.0858585 142.514 0.694357
116 -0.0776734 0.0564236 11.0049 0.000636239 0.541829 9.51913e-05 4900.54 0.0797453 144.022 0.633955
117 -0.109723 0.0549868 11.0049 0.000636239 0.536641 0.000110017 4910.42 0.0921651 144.13 0.686116
118 -0.100841 0.0514397 11.0049 0.000636239 0.55254 8.84955e-05 4906.57 0.074136 142.276 0.479406
119 0.128805 0.373068 11.0049 0.000636239 0.513401 9.05294e-05 5090.9 0.0758399 139.68 11.924
120 -0.0795426 0.0122504 11.0049 0.000636239 0.529725 8.47257e-05 4897.2 0.0709779 146.493 0.530894
121 -0.0385442 0.0732046 11.0049 0.000636239 0.532349 9.12525e-05 4902.79 0.0764457 145.347 0.632624
122 -0.131373 0.00731658 11.0049 0.000636239 0.519772 8.52425e-05 4903.44 0.0714109 147.887 0.776857
123 -0.093849 0.025202 11.0049 0.000636239 0.513538 8.24226e-05 4902.97 0.0690486 148.978 0.492932
124 -0.109319 0.0533704 11.0049 0.000636239 0.521426 8.1739e-05 4899.79 0.0684759 147.484 0.677385
125 -0.165425 0.0183467 11.0049 0.000636239 0.505295 8.00704e-05 4908.53 0.067078 150.315 0.872587
126 -0.107096 0.0284427 11.0049 0.000636239 0.502475 7.99216e-05 4899.08 0.0669533 150.36 0.0031067
127 -0.166931 0.0295901 11.0049 0.000636239 0.508582 8.0468e-05 4903.01 0.0674111 149.84 0.711963
128 -0.0789407 0.0276706 11.0049 0.000636239 0.489735 7.46424e-05 4903.39 0.0625308 154.089 0.67667
129 -0.155506 0.0116988 11.0049 0.000636239 0.490522 6.9773e-05 4906.08 0.0584515 153.712 0.677724
130 -0.142702 0.0258333 11.0049 0.000636239 0.476804 8.85676e-05 4906.68 0.0741964 156.855 1.05767
131 -0.112249 0.0132955 11.0049 0.000636239 0.477791 8.84085e-05 4904.85 0.0740632 155.952 0.995966
132 -0.148709 0.0367763 11.0049 0.000636239 0.470267 7.53392e-05 4906.21 0.0631145 159.417 0.838861
133 -0.155906 0.0130728 11.0049 0.000636239 0.454119 7.84373e-05 4909.26 0.0657099 163.182 1.32039
134 -0.134691 0.00584276 11.0049 0.000636239 0.449494 8.62128e-05 4908.11 0.0722238 166.149 1.66363
135 -0.198189 0.0101963 11.0049 0.000636239 0.535457 0.00010036 4903.62 0.0840753 66.3109 0.140292
136 -0.198189 0.0101963 11.0049 0.000636239 0.522706 9.49171e-05 4904 0.0795157 63.9043 0.0961385
137 -0.198189 0.0101963 11.0049 0.000636239 0.522817 0.000103988 4901.47 0.087115 62.1876 0.140468
138 -0.198189 0.0101963 11.0049 0.000636239 0.530843 9.70196e-05 4897.26 0.081277 60.8966 0.0818638
139 -0.198189 0.0101963 11.0049 0.000636239 0.535797 0.000108867 4902.25 0.0912019 66.6218 0.177161
140 -0.198189 0.0101963 11.0049 0.000636239 0.52526 0.000113086 4899.85 0.0947367 64.1901 0.107173
141 -0.198189 0.0101963 11.0049 0.000636239 0.522939 9.36259e-05 4899.36 0.078434 62.377 0.154985
142 -0.198189 0.0101963 11.0049 0.000636239 0.52641 0.000112497 4900.89 0.094243 61.1437 0.131916
143 -0.198189 0.0101963 11.0049 0.000636239 0.742119 0.000167512 4901.05 0.140331 56.5737 0.115147
144 -0.198189 0.0101963 11.0049 0.000636239 0.740028 0.000169534 4900.8 0.142025 54.1996 0.0668512
145 -0.198189 0.0101963 11.0049 0.000636239 0.744685 0.000186581 4894.13 0.156306 52.2308 0.0991759
146 -0.198189 0.0101963 11.0049 0.000636239 0.752867 0.000218224 4892.64 0.182814 50.8769 0.0678059
147 -0.198189 0.0101963 11.0049 0.000636239 0.746466 0.000191989 4905.29 0.160837 56.7014 0.110281
148 -0.198189 0.0101963 11.0049 0.000636239 0.738201 0.000167973 4900.4 0.140717 54.3489 0.100188
149 -0.198189 0.0101963 11.0049 0.000636239 0.732952 0.00016202 4904.88 0.13573 52.432 0.0221314
150 -0.198189 0.0101963 11.0049 0.000636239 0.733015 0.000165789 4906.34 0.138888 51.0387 0.0256531
151 -0.198189 0.0101963 11.0049 0.000636239 0.534589 9.74679e-05 4904.35 0.0816525 51.9895 0.297759
152 -0.198189 0.0101963 11.0049 0.000636239 0.521227 9.34676e-05 4905.24 0.0783014 47.4327 0.334416
153 -0.198189 0.0101963 11.0049 0.000636239 0.519104 8.71498e-05 4902.57 0.0730087 43.8593 0.209409
154 -0.198189 0.0101963 11.0049 0.000636239 0.525075 0.000103 4904.94 0.0862874 41.2646 0.188858
155 -0.198189 0.0101963 11.0049 0.000636239 0.533307 0.000116488 4903.41 0.0975862 51.7784 0.164289
156 -0.198189 0.0101963 11.0049 0.000636239 0.521895 9.22503e-05 4899.73 0.0772816 47.3784 0.162568
157 -0.198189 0.0101963 11.0049 0.000636239 0.52078 8.91391e-05 4901.25 0.0746752 43.5547 0.167923
158 -0.198189 0.0101963 11.0049 0.000636239 0.521472 0.000101674 4906.04 0.0851766 41.2997 0.221213
159 -0.198189 0.0101963 11.0049 0.000636239 0.737439 0.000165375 4903.89 0.138541 42.0464 0.206061
160 -0.198189 0.0101963 11.0049 0.000636239 0.733268 0.000166361 4903.53 0.139367 37.8957 0.240029
161 -0.198189 0.0101963 11.0049 0.000636239 0.725315 0.000171821 4906.25 0.143941 34.5007 1.23707
162 -0.198189 0.0101963 11.0049 0.000636239 0.737707 0.000160622 4900.48 0.134559 31.8909 0.14072
163 -0.198189 0.0101963 11.0049 0.000636239 0.752132 0.000210768 4888.64 0.176568 42.5293 0.165429
164 -0.198189 0.0101963 11.0049 0.000636239 0.734075 0.000177923 4900.76 0.149053 38.6706 0.274646
165 -0.198189 0.0101963 11.0049 0.000636239 0.727736 0.000188851 4902.3 0.158207 35.1773 0.159755
166 -0.198189 0.0101963 11.0049 0.000636239 0.733027 0.000197706 4904.31 0.165626 32.2793 0.182111
167 -0.198189 0.0101963 11.0049 0.000636239 0.734304 0.000168206 4905.59 0.140913 45.8807 0.164549
168 -0.198189 0.0101963 11.0049 0.000636239 0.72901 0.000156866 4900.06 0.131412 42.2402 0.084946
169 -0.198189 0.0101963 11.0049 0.000636239 0.723994 0.000150214 4902.42 0.12584 37.2414 3.54241
170 -0.198189 0.0101963 11.0049 0.000636239 0.730221 0.000151551 4904.65 0.12696 37.0271 0.0404333
171 -0.198189 0.0101963 11.0049 0.000636239 0.730678 0.000176128 4921.61 0.147549 45.8432 0.46989
172 -0.198189 0.0101963 11.0049 0.000636239 0.729743 0.000202152 4904.39 0.16935 42.8388 0.636013
173 -0.198189 0.0101963 11.0049 0.000636239 1.60192 1.#QNAN 4166.94 -1.#IND 36.5582 0.110013
174 -0.198189 0.0101963 11.0049 0.000636239 0.75835 0.000717315 4884.02 0.600922 37.107 0.0778164
175 -0.198189 0.0101963 11.0049 0.000636239 0.531194 9.80254e-05 4899.23 0.0821196 55.0479 0.243881
176 -0.198189 0.0101963 11.0049 0.000636239 0.518674 8.97079e-05 4898.41 0.0751517 51.148 0.215894
177 -0.198189 0.0101963 11.0049 0.000636239 0.513634 8.63885e-05 4901.21 0.072371 48.0437 0.247401
178 -0.198189 0.0101963 11.0049 0.000636239 0.52308 9.8163e-05 4899.66 0.0822349 45.9287 0.150756
179 -0.198189 0.0101963 11.0049 0.000636239 0.534624 0.000108917 4900.3 0.0912437 55.0126 0.190723
180 -0.198189 0.0101963 11.0049 0.000636239 0.52172 0.000106424 4899.88 0.0891556 51.0149 0.148673
181 -0.198189 0.0101963 11.0049 0.000636239 0.533447 0.000516466 4887.71 0.432663 47.831 0.110149
182 -0.198189 0.0101963 11.0049 0.000636239 0.521793 0.000168017 4901.83 0.140754 45.9497 0.211541
183 -0.198189 0.0101963 11.0049 0.000636239 0.744799 0.000170893 4903.75 0.143164 60.3645 0.0624382
184 -0.198189 0.0101963 11.0049 0.000636239 0.733976 0.000159105 4901.93 0.133288 58.3516 0.0667878
185 -0.198189 0.0101963 11.0049 0.000636239 0.731339 0.0001666 4904.22 0.139567 66.2824 9.71738
186 -0.198189 0.0101963 11.0049 0.000636239 0.741977 0.000181026 4896.82 0.151652 55.5595 0.0533176
187 -0.198189 0.0101963 11.0049 0.000636239 0.74898 0.000127792 4901.34 0.107056 60.3918 0.0928327
188 -0.198189 0.0101963 11.0049 0.000636239 0.739378 0.000219816 4903.35 0.184149 58.3612 0.047176
189 -0.198189 0.0101963 11.0049 0.000636239 0.737366 0.000186232 4901.18 0.156014 56.714 0.0491873
190 -0.198189 0.0101963 11.0049 0.000636239 0.744464 0.000208179 4897.67 0.1744 55.5683 0.116921
191 -0.198189 0.0101963 11.0049 0.000636239 0.534879 0.000102977 4902.01 0.0862678 69.6381 0.118689
192 -0.198189 0.0101963 11.0049 0.000636239 0.522505 9.66802e-05 4900.14 0.0809927 67.731 0.138223
193 -0.198189 0.0101963 11.0049 0.000636239 0.518548 9.75408e-05 4900.11 0.0817136 66.3036 0.0973078
194 -0.198189 0.0101963 11.0049 0.000636239 0.531848 0.000103629 4898.35 0.0868142 65.3342 0.116564
195 -0.198189 0.0101963 11.0049 0.000636239 0.543387 0.000115512 4903.93 0.0967687 70.0892 0.11862
196 -0.198189 0.0101963 11.0049 0.000636239 0.52935 9.13196e-05 4903.46 0.0765019 68.0671 0.0689207
197 -0.198189 0.0101963 11.0049 0.000636239 0.527422 9.52751e-05 4898.71 0.0798156 66.5402 0.159483
198 -0.198189 0.0101963 11.0049 0.000636239 0.535859 0.00010744 4897 0.0900066 65.3917 0.126395
