
  1.000000       4910.000       2.210000    
  2.000000       4907.000       2.712000    
  3.000000       4904.000       2.279000    
  4.000000       4904.000       2.123000    
  5.000000       4906.000       2.433000    
  6.000000       4905.000       2.479000    
  7.000000       4903.000       2.051000    
  8.000000       4907.000       2.485000    
  9.000000       4890.000       11.03000    
  10.00000       4902.000       31.48000    
  11.00000       4898.000       4.013000    
  12.00000       4870.000       12.98000    
  13.00000       4899.000       9.262000    
  14.00000       4906.000       3.638000    
  15.00000       4908.000       3.494000    
  16.00000       4912.000       3.572000    
  17.00000       4910.000       2.131000    
  18.00000       4909.000       2.108000    
  19.00000       4906.000       1.909000    
  20.00000       4908.000       2.261000    
  21.00000       4910.000       2.569000    
  22.00000       4909.000       2.182000    
  23.00000       4906.000       1.968000    
  24.00000       4913.000       2.225000    
  25.00000       4906.000       3.552000    
  26.00000       4912.000       3.563000    
  27.00000       4914.000       3.690000    
  28.00000       4911.000       10.82000    
  29.00000       4898.000       4.529000    
  30.00000       4904.000       3.828000    
  31.00000       4910.000       4.070000    
  32.00000       4910.000       4.257000    
  33.00000       4909.000       3.788000    
  34.00000       4905.000       3.359000    
  35.00000       4905.000       3.242000    
  36.00000       4908.000       14.03000    
  37.00000       4912.000       8.359000    
  38.00000       4903.000       13.07000    
  39.00000       4818.000       17910.00    
  40.00000       4882.000       15.90000    
  41.00000       4907.000       2.143000    
  42.00000       4904.000       1.959000    
  43.00000       4905.000       1.892000    
  44.00000       4904.000       2.144000    
  45.00000       4909.000       2.376000    
  46.00000       4906.000       2.319000    
  47.00000       4932.000       39.03000    
  48.00000       4906.000       3.782000    
  49.00000       4903.000       3.673000    
  50.00000       4907.000       3.424000    
  51.00000       4906.000       4906.000    
  52.00000       4904.000       3.899000    
  53.00000       4900.000       3.975000    
  54.00000       4889.000       15.17000    
  55.00000       4875.000       12.86000    
  56.00000       4897.000       12.38000    
  57.00000       4905.000       2.297000    
  58.00000       4903.000       2.215000    
  59.00000       4905.000       2.142000    
  60.00000       4901.000       2.310000    
  61.00000       4905.000       2.546000    
  62.00000       4904.000       2.015000    
  63.00000       4902.000       2.738000    
  64.00000       4901.000       2.721000    