3	4896.82	4896.82	4898.78	4897.47	0.923953
4	4896.84	4896.84	4898.76	4897.48	0.905097
5	4897.09	4897.09	4898.57	4897.58	0.697679
6	4896.64	4896.64	4898.27	4897.18	0.768389
7	4897.01	4897.01	4898.12	4897.38	0.523259
8	4896.99	4896.99	4897.9	4897.29	0.428978
9	4896.52	4896.52	4898.57	4897.20	0.966379
10	4896.94	4896.94	4898.42	4897.43	0.697679
11	4896.96	4896.96	4898.26	4897.39	0.612826
12	4897.16	4897.16	4897.95	4897.42	0.372410
13	4897.18	4897.18	4897.97	4897.44	0.372410
14	4896.78	4896.78	4897.78	4897.11	0.471405
15	4897.11	4897.11	4898.18	4897.47	0.504403
16	4897.12	4897.12	4898.3	4897.51	0.556257
17	4897	4897	4898.43	4897.48	0.674108
18	4897.01	4897.01	4898.38	4897.47	0.645824
19	4896.72	4896.72	4898.6	4897.35	0.886240
20	4896.62	4896.62	4898.41	4897.22	0.843814
21	4896.63	4896.63	4898.02	4897.09	0.655252
22	4896.52	4896.52	4897.75	4896.93	0.579828
23	4896.69	4896.69	4898.4	4897.26	0.806102
24	4896.97	4896.97	4898.3	4897.41	0.626968
25	4897.06	4897.06	4897.95	4897.36	0.419550
26	4897.03	4897.03	4897.67	4897.24	0.301699
27	4896.71	4896.71	4897.64	4897.02	0.438406
28	4897.12	4897.12	4898.18	4897.47	0.499689
29	4896.89	4896.89	4898.28	4897.35	0.655252
30	4896.98	4896.98	4898.23	4897.40	0.589256
31	4896.45	4896.45	4897.53	4896.81	0.509117
32	4897.17	4897.17	4898.01	4897.45	0.395980
33	4896.76	4896.76	4897.92	4897.15	0.546829
34	4896.68	4896.68	4897.99	4897.12	0.617540
35	4897.16	4897.16	4897.93	4897.42	0.362981
36	4896.83	4896.83	4897.39	4897.02	0.263987
37	4896.64	4896.64	4897.43	4896.90	0.372410
38	4896.96	4896.96	4897.77	4897.23	0.381838
39	4896.6	4896.6	4897.74	4896.98	0.537401
40	4896.89	4896.89	4897.46	4897.08	0.268701
41	4896.66	4896.66	4897.64	4896.99	0.461976
42	4896.89	4896.89	4897.53	4897.10	0.301699
43	4896.88	4896.88	4897.19	4896.98	0.146135
44	4896.62	4896.62	4896.12	4896.45	0.235702
45	4896.8	4896.8	4898.3	4897.30	0.707107
46	4896.27	4896.27	4896.75	4896.43	0.226274
47	4896.88	4896.88	4898.84	4897.53	0.923953
48	4896.85	4896.85	4898.77	4897.49	0.905097
49	4896.95	4896.95	4898.51	4897.47	0.735391
50	4896.94	4896.94	4898.4	4897.43	0.688251
51	4896.89	4896.89	4898.41	4897.40	0.716535
52	4896.66	4896.66	4897.83	4897.05	0.551543
53	4896.42	4896.42	4898.53	4897.12	0.994664
54	4896.86	4896.86	4898.74	4897.49	0.886240
55	4712.32	4712.41	4748.99	4724.57	17.265230
56	4897.08	4897.08	4898.37	4897.51	0.608112
57	4896.92	4896.92	4898.16	4897.33	0.584542
58	4896.82	4896.82	4898.12	4897.25	0.612826
59	4896.74	4896.74	4898.37	4897.28	0.768389
60	4897.13	4897.13	4898.51	4897.59	0.650538
61	4896.88	4896.88	4898.57	4897.44	0.796674
62	4896.84	4896.84	4898.72	4897.47	0.886240
63	4896.62	4896.62	4898.53	4897.26	0.900383
64	4896.76	4896.76	4898.38	4897.30	0.763675
65	4896.84	4896.84	4898.3	4897.33	0.688251
66	4897.06	4897.06	4898.25	4897.46	0.560971
67	4896.43	4896.43	4898.34	4897.07	0.900383
68	4896.66	4896.66	4898.38	4897.23	0.810816
69	4896.63	4896.63	4898.13	4897.13	0.707107
70	4897.36	4897.36	4898.39	4897.70	0.485547
71	4896.45	4896.45	4897.63	4896.84	0.556257
72	4896.77	4896.77	4898.03	4897.19	0.593970
73	4896.82	4896.82	4898.3	4897.31	0.697679
74	4896.8	4896.8	4898.41	4897.34	0.758961
75	4896.57	4896.57	4897.57	4896.90	0.471405
76	4898.54	4898.54	4898.14	4898.41	0.188562
77	4896.68	4896.68	4898.47	4897.28	0.843814
78	4896.44	4896.44	4897.99	4896.96	0.730677
79	4896.81	4896.81	4898	4897.21	0.560971
80	4896.98	4896.98	4897.77	4897.24	0.372410
81	4896.57	4896.57	4897.32	4896.82	0.353553
82	4896.68	4896.68	4897.68	4897.01	0.471405
83	4896.97	4896.97	4898.09	4897.34	0.527973
84	4896.48	4896.48	4897.37	4896.78	0.419550
85	4896.92	4896.92	4897.88	4897.24	0.452548
86	4896.67	4896.67	4897.65	4897.00	0.461976
87	4896.77	4896.77	4897.33	4896.96	0.263987
88	4896.8	4896.8	4897.56	4897.05	0.358267
89	4896.38	4896.38	4897.09	4896.62	0.334697
90	4896.37	4896.37	4896.89	4896.54	0.245130
91	4896.51	4896.51	4898.51	4897.18	0.942809
92	4896.89	4896.89	4898.51	4897.43	0.763675
93	4896.75	4896.75	4898.39	4897.30	0.773103
94	4897.03	4897.03	4898.42	4897.49	0.655252
95	4896.72	4896.72	4898.25	4897.23	0.721249
96	4896.62	4896.62	4898.11	4897.12	0.702393
97	4896.58	4896.58	4898.32	4897.16	0.820244
98	4896.97	4896.97	4898.5	4897.48	0.721249
99	4896.88	4896.88	4898.35	4897.37	0.692965
100	4896.84	4896.84	4898.29	4897.32	0.683537
101	4896.82	4896.82	4898.21	4897.28	0.655252
102	4896.73	4896.73	4897.79	4897.08	0.499689
103	4896.76	4896.76	4898.09	4897.20	0.626968
104	4896.84	4896.84	4898.35	4897.34	0.711821
105	4897.03	4897.03	4898.62	4897.56	0.749533
106	4897.85	4897.85	4898.44	4898.05	0.278129
107	4896.42	4896.42	4898.19	4897.01	0.834386
108	4896.61	4896.61	4898.09	4897.10	0.697679
109	4896.81	4896.81	4898.23	4897.28	0.669394
110	4896.74	4896.74	4898.07	4897.18	0.626968
111	4896.51	4896.51	4898.31	4897.11	0.848528
112	4896.97	4896.97	4898.24	4897.39	0.598684
113	4896.87	4896.87	4898.09	4897.28	0.575114
114	4896.87	4896.89	4897.93	4897.23	0.495042
115	4896.68	4896.68	4897.5	4896.95	0.386552
116	4896.86	4896.86	4897.84	4897.19	0.461976
117	4896.57	4896.57	4898.12	4897.09	0.730677
118	4896.64	4896.64	4898.4	4897.23	0.829672
119	4889.83	4889.83	4897.26	4892.31	3.502536
120	4896.8	4896.8	4897.89	4897.16	0.513831
121	4896.86	4896.86	4898.4	4897.37	0.725963
122	4896.66	4896.66	4898.08	4897.13	0.669394
123	4896.76	4896.76	4897.89	4897.14	0.532687
124	4896.8	4896.8	4897.64	4897.08	0.395980
125	4894.4	4894.4	4895.2	4894.67	0.377124
126	4896.79	4896.79	4897.69	4897.09	0.424264
127	4896.77	4896.77	4895.87	4896.47	0.424264
128	4896.55	4896.55	4897.15	4896.75	0.282843
129	4896.49	4896.49	4897.76	4896.91	0.598684
130	4896.42	4896.42	4897.39	4896.74	0.457262
131	4896.58	4896.58	4897.25	4896.80	0.315841
132	4896.46	4896.46	4897.49	4896.80	0.485547
133	4896.58	4896.58	4897.15	4896.77	0.268701
134	4896.32	4896.32	4896.79	4896.48	0.221560
135	4897.55	4897.53	4896.71	4897.26	0.391351
136	4897.49	4897.35	4896.77	4897.20	0.311698
137	4897.52	4894.56	4896.91	4896.33	1.276114
138	4897.48	4897.46	4896.95	4897.30	0.245266
139	4897.24	4897.59	4896.53	4897.12	0.440984
140	4897.3	4897.49	4896.6	4897.13	0.382710
141	4897.39	4897.49	4896.8	4897.23	0.304448
142	4897.36	4897.52	4896.83	4897.24	0.294882
143	4898.14	4897.48	4897.47	4897.70	0.313511
144	4898.24	4897.43	4897.58	4897.75	0.351852
145	4898.1	4897.39	4897.64	4897.71	0.294052
146	4898.08	4897.41	4897.69	4897.73	0.274752
147	4898.14	4897.51	4896.2	4897.28	0.808057
148	4898.07	4897.48	4896.45	4897.33	0.669444
149	4898.09	4897.42	4896.63	4897.38	0.596713
150	4898.12	4897.49	4896.89	4897.50	0.502195
151	4894.51	4897.2	4896.29	4896.00	1.117169
152	4897.96	4897.08	4896.56	4897.20	0.577812
153	4896.84	4897.22	4896.57	4896.88	0.266625
154	4897.91	4897.25	4896.71	4897.29	0.490714
155	4898.06	4897.21	4896.18	4897.15	0.768679
156	4897.95	4897.19	4896.36	4897.17	0.649324
157	4897.91	4897.22	4896.7	4897.28	0.495603
158	4897.82	4897.34	4896.78	4897.31	0.424997
159	4895.64	4897.3	4896.98	4896.64	0.719073
160	4894.13	4897.3	4897.15	4896.19	1.460282
161	4897.61	4897.28	4897.14	4897.34	0.197034
162	4897.74	4897.33	4897.21	4897.43	0.226912
163	4897.6	4897.34	4896.57	4897.17	0.437340
164	4897.42	4897.22	4896.71	4897.12	0.298924
165	4897.63	4897.38	4896.84	4897.28	0.329680
166	4897.69	4897.4	4897.03	4897.37	0.270103
167	4898.21	4897.32	4897.05	4897.53	0.495603
168	4897.26	4897.29	4897.15	4897.23	0.060185
169	4898.17	4897.31	4897.27	4897.58	0.415157
170	4897.14	4897.29	4897.31	4897.25	0.075865
171	4898.15	4897.34	4896.5	4897.33	0.673647
172	4898.14	4897.34	4896.66	4897.38	0.604869
173	4868.72	4928.05	4867.18	4887.98	28.338387
174	4898.17	4897.31	4897.03	4897.50	0.485066
175	4898.06	4897.27	4896.46	4897.26	0.653214
176	4898.28	4897.22	4896.72	4897.41	0.650402
177	4898.12	4897.23	4896.95	4897.43	0.498821
178	4898.04	4897.3	4897.09	4897.48	0.407458
179	4898.26	4897.33	4896.31	4897.30	0.796367
180	4898.08	4897.41	4896.49	4897.33	0.651784
181	4897.9	4896.98	4896.43	4897.10	0.606429
182	4898.1	4897.34	4896.91	4897.45	0.492003
183	4898.43	4897.52	4897.08	4897.68	0.562159
184	4898.74	4897.57	4897.2	4897.84	0.656370
185	4898.58	4897.47	4897.2	4897.75	0.597160
186	4898.59	4897.42	4897.18	4897.73	0.615955
187	4898.55	4897.55	4896.93	4897.68	0.667400
188	4898.46	4897.38	4896.93	4897.59	0.642028
189	4898.56	4897.49	4897.09	4897.71	0.620555
190	4898.54	4897.43	4897.17	4897.71	0.594101
191	4899.38	4897.66	4896.91	4897.98	1.033968
192	4899.47	4897.66	4897.07	4898.07	1.021121
193	4899.11	4897.44	4896.9	4897.82	0.940721
194	4899.11	4897.46	4897	4897.86	0.905919
195	4899.23	4897.5	4896.89	4897.87	0.991105
196	4899.3	4897.4	4896.82	4897.84	1.059182
197	4899.02	4897.48	4896.82	4897.77	0.921786
198	4899.2	4897.52	4896.96	4897.89	0.951817
