plik	det	theta	t0	L0	L1
1  1  0.0000  0.0000  0.000  0.0000
2  2  0.0000  0.0000  0.000  0.0000
3  3  130.9807  -0.0706  11.005  0.6706
4  4  132.5093  -0.0330  11.005  0.6492
5  5  133.4770  -0.0634  11.005  0.6372
6  6  133.6177  -0.0246  11.005  0.6341
7  7  132.6652  -0.1015  11.005  0.6494
8  8  131.4585  0.0565  11.005  0.6616
9  9  133.4262  -0.0050  11.005  0.6372
10  10  135.0388  0.0666  11.005  0.6124
11  11  135.5040  -0.0023  11.005  0.6118
12  12  135.1008  -0.0052  11.005  0.6158
13  13  133.7001  -0.0485  11.005  0.6365
14  14  135.0229  0.0441  11.005  0.6147
15  15  136.6873  0.0492  11.005  0.5989
16  16  137.1987  -0.0139  11.005  0.5977
17  17  136.7551  -0.0596  11.005  0.6030
18  18  135.6783  0.0390  11.005  0.6101
19  19  136.5335  -0.1341  11.005  0.6087
20  20  138.3587  -0.0595  11.005  0.5888
21  21  139.0207  -0.0383  11.005  0.5823
22  22  138.5795  0.0785  11.005  0.5848
23  23  139.4651  -0.0343  11.005  0.5792
24  24  140.9563  -0.0158  11.005  0.5639
25  25  141.0161  -0.0780  11.005  0.5645
26  26  139.7498  -0.0362  11.005  0.5786
27  27  141.5087  -0.0214  11.005  0.5593
28  28  142.8508  -0.1472  11.005  0.5564
29  29  142.9927  -0.1764  11.005  0.5556
30  30  141.9111  -0.0165  11.005  0.5582
31  31  144.4159  0.1136  11.005  0.5429
32  32  145.5559  -0.0091  11.005  0.5357
33  33  144.8776  0.0358  11.005  0.5375
34  34  146.9049  0.0013  11.005  0.5224
35  35  147.9395  -0.0785  11.005  0.5197
36  36  147.1057  -0.0334  11.005  0.5242
37  37  148.8696  -0.0406  11.005  0.5152
38  38  150.2220  -0.0641  11.005  0.5110
39  39  149.4827  0.0272  11.005  0.5117
40  40  152.5559  -0.0455  11.005  0.4976
41  41  152.7884  -0.0365  11.005  0.4967
42  42  155.3829  0.0258  11.005  0.4848
43  43  155.3336  -0.1013  11.005  0.4889
44  44  161.3228  -0.1294  11.005  0.4709
45  45  158.3713  -0.0565  11.005  0.4773
46  46  163.9348  -0.1608  11.005  0.4695
47  47  131.2504  -0.0952  11.005  0.6701
48  48  132.7053  -0.0180  11.005  0.6461
49  49  133.7386  -0.0015  11.005  0.6303
50  50  133.7275  -0.0170  11.005  0.6310
51  51  132.6029  -0.0751  11.005  0.6477
52  52  131.1303  0.0531  11.005  0.6606
53  53  133.8837  0.0211  11.005  0.6284
54  54  135.0331  -0.0835  11.005  0.6187
55  55  136.4141  4.9420  11.005  0.5689
56  56  134.9423  0.0205  11.005  0.6128
57  57  133.5103  -0.0158  11.005  0.6327
58  58  135.3267  -0.0890  11.005  0.6172
59  59  136.7420  -0.0696  11.005  0.6053
60  60  137.2824  0.0241  11.005  0.5944
61  61  136.8115  0.0584  11.005  0.5972
62  62  135.4393  0.0131  11.005  0.6115
63  63  136.9246  -0.1347  11.005  0.6056
64  64  138.7188  -0.0357  11.005  0.5851
65  65  139.2047  -0.0777  11.005  0.5807
66  66  138.5394  -0.0240  11.005  0.5846
67  67  139.8789  -0.0320  11.005  0.5751
68  68  141.1812  -0.0767  11.005  0.5617
69  69  141.1051  -0.0778  11.005  0.5617
70  70  139.3813  -0.0679  11.005  0.5757
71  71  141.9251  -0.0696  11.005  0.5579
72  72  143.2803  -0.0550  11.005  0.5488
73  73  143.2058  -0.0778  11.005  0.5505
74  74  141.9279  -0.0014  11.005  0.5518
75  75  144.8311  -0.0571  11.005  0.5407
76  76  145.6854  -0.0882  11.005  0.5338
77  77  144.5443  -0.1077  11.005  0.5435
78  78  147.2384  -0.0685  11.005  0.5230
79  79  148.0581  -0.1105  11.005  0.5171
80  80  147.2303  0.0026  11.005  0.5174
81  81  149.6156  -0.0613  11.005  0.5124
82  82  150.4860  -0.1186  11.005  0.5109
83  83  149.3626  -0.1082  11.005  0.5129
84  84  152.9587  -0.1054  11.005  0.4963
85  85  152.8795  -0.1078  11.005  0.4964
86  86  155.6100  -0.1329  11.005  0.4891
87  87  155.4647  -0.1572  11.005  0.4873
88  88  158.1406  -0.1714  11.005  0.4805
89  89  161.6626  -0.1527  11.005  0.4703
90  90  164.2774  -0.1899  11.005  0.4668
91  91  129.7257  -0.1013  11.005  0.6554
92  92  133.4009  -0.1185  11.005  0.6404
93  93  134.2157  -0.0888  11.005  0.6280
94  94  134.0510  -0.1659  11.005  0.6324
95  95  132.9775  -0.1468  11.005  0.6450
96  96  131.4042  -0.1093  11.005  0.6654
97  97  134.3734  -0.1104  11.005  0.6287
98  98  135.5978  -0.1450  11.005  0.6149
99  99  135.9792  -0.1216  11.005  0.6102
100  100  135.4845  -0.0791  11.005  0.6132
101  101  133.8186  -0.1497  11.005  0.6347
102  102  135.9259  -0.0864  11.005  0.6109
103  103  137.3549  -0.1287  11.005  0.6002
104  104  137.7127  -0.1337  11.005  0.5979
105  105  137.1405  -0.0713  11.005  0.5990
106  106  0.0000  0.0000  11.005  0.0000
107  107  137.6544  -0.1084  11.005  0.6012
108  108  139.3366  -0.1109  11.005  0.5837
109  109  139.7257  -0.1668  11.005  0.5787
110  110  139.0456  -0.0106  11.005  0.5798
111  111  140.4594  -0.1382  11.005  0.5739
112  112  141.8485  -0.1286  11.005  0.5598
113  113  141.5409  -0.1581  11.005  0.5642
114  114  139.8887  -0.1920  11.005  0.5797
115  115  142.3431  -0.1774  11.005  0.5597
116  116  143.7591  -0.1038  11.005  0.5486
117  117  143.6882  -0.1160  11.005  0.5483
118  118  142.0670  -0.1071  11.005  0.5583
119  119  144.9613  0.1207  11.005  0.5542
120  120  146.3252  -0.0884  11.005  0.5301
121  121  145.2086  -0.0493  11.005  0.5368
122  122  147.9471  -0.1572  11.005  0.5221
123  123  148.7529  -0.1207  11.005  0.5168
124  124  147.3585  -0.1156  11.005  0.5244
125  125  150.0526  -0.1810  11.005  0.5169
126  126  151.1608  -0.1225  11.005  0.5096
127  127  149.6223  -0.1890  11.005  0.5167
128  128  153.7815  -0.1055  11.005  0.4934
129  129  153.2489  -0.1760  11.005  0.4968
130  130  156.2933  -0.1704  11.005  0.4903
131  131  155.8909  -0.1321  11.005  0.4882
132  132  158.6176  -0.1643  11.005  0.4808
133  133  162.0921  -0.1807  11.005  0.4719
134  134  165.0488  -0.1632  11.005  0.4646
135  135  66.7570  -0.2668  11.005  0.5146
136  136  63.9372  -0.1925  11.005  0.5277
137  137  62.1929  -0.1533  11.005  0.5051
138  138  60.6655  -0.1764  11.005  0.5855
139  139  66.2783  -0.2811  11.005  0.6125
140  140  64.0171  -0.1645  11.005  0.5496
141  141  62.3672  -0.1949  11.005  0.4981
142  142  63.8200  -0.2059  11.005  0.5319
143  143  56.7522  -0.2449  11.005  0.7330
144  144  53.9431  -0.2521  11.005  0.8203
145  145  52.1231  -0.3697  11.005  0.7932
146  146  51.0026  -0.1938  11.005  0.7343
147  147  59.3521  -0.0874  11.005  0.7270
148  148  54.0432  -0.1045  11.005  0.8091
149  149  52.4345  -0.2512  11.005  0.7174
150  150  51.0208  -0.2021  11.005  0.7400
151  151  51.9163  -0.1186  11.005  0.5676
152  152  46.7662  -0.1145  11.005  0.6120
153  153  43.8707  -0.1776  11.005  0.5078
154  154  40.9183  -0.1814  11.005  0.6251
155  155  51.3739  -0.1953  11.005  0.5479
156  156  47.0264  -0.1980  11.005  0.6142
157  157  43.5505  -0.3017  11.005  0.5200
158  158  41.1637  -0.1725  11.005  0.6155
159  159  41.7663  -0.1121  11.005  0.8138
160  160  37.7348  -0.0771  11.005  0.7182
161  161  34.2629  -0.1494  11.005  0.8281
162  162  31.9382  -0.1709  11.005  0.7377
163  163  42.1409  -0.0680  11.005  0.7945
164  164  38.1746  -0.1970  11.005  0.7328
165  165  37.7228  -0.3196  11.005  0.7715
166  166  32.4607  -0.1640  11.005  0.7541
167  167  45.6882  -0.3912  11.005  0.7879
168  168  41.8971  -0.1787  11.005  0.7951
169  169  39.2648  -0.1540  11.005  0.7611
170  170  36.8610  0.0440  11.005  0.7273
171  171  45.7834  0.0000  11.005  0.7930
172  172  42.3501  0.0694  11.005  0.7618
173  173  39.1354  -0.1896  11.005  0.8633
174  174  37.2414  -0.0958  11.005  0.7118
175  175  55.0634  -0.2339  11.005  0.5679
176  176  50.8406  -0.2048  11.005  0.5084
177  177  47.7427  -0.2341  11.005  0.5971
178  178  45.6416  -0.2292  11.005  0.5700
179  179  54.4118  -0.2352  11.005  0.5928
180  180  51.3495  -0.1509  11.005  0.5272
181  181  47.4316  -0.1905  11.005  0.6048
182  182  45.6091  -0.1898  11.005  0.5691
183  183  60.1080  -0.1306  11.005  0.8208
184  184  58.1468  -0.2115  11.005  0.7699
185  185  49.4572  -0.1306  11.005  0.8172
186  186  55.5739  -0.1978  11.005  0.7450
187  187  62.8992  -0.2392  11.005  0.8234
188  188  58.2922  -0.0655  11.005  0.7670
189  189  56.8577  -0.3283  11.005  0.7157
190  190  55.5922  -0.2529  11.005  0.7373
191  191  69.8083  -0.2520  11.005  0.5176
192  192  67.5841  -0.1583  11.005  0.5399
193  193  65.7623  -0.1544  11.005  0.5955
194  194  65.0496  -0.1574  11.005  0.5823
195  195  70.2481  -0.2731  11.005  0.5451
196  196  68.2173  -0.2304  11.005  0.5168
197  197  69.2461  -0.2598  11.005  0.6107
198  198  65.0756  -0.2381  11.005  0.5892
