plik	det	theta		t0		L0		L1
1	1	0	-4.2508	11.055	-2.4594
2	2	0	0	11.055	2.38
3  3  140.2328  -1.1819  11.005  nan
4  4  141.8997  -1.0494  11.005  nan
5  5  142.9187  -1.0854  11.005  nan
6  6  143.0174  -0.7920  11.005  nan
7  7  142.4298  -0.9464  11.005  nan
8  8  141.1282  -0.8899  11.005  nan
9  9  142.7111  -0.8922  11.005  nan
10  10  144.2503  -1.0967  11.005  nan
11  11  129.5018  -1.0561  11.005  0.6010
12  12  144.7358  -1.1304  11.005  nan
13  13  129.9728  -0.9887  11.005  nan
14  14  128.8546  -1.1349  11.005  0.6065
15  15  130.7564  -1.0550  11.005  0.5786
16  16  131.5665  -1.0599  11.005  0.5699
17  17  131.2334  -1.0921  11.005  0.5748
18  18  134.9734  -0.3492  11.005  nan
19  19  131.3255  -1.1593  11.005  0.5706
20  20  132.7227  -1.1125  11.005  0.5567
21  21  133.5458  -1.1389  11.005  0.5488
22  22  139.3490  -1.0054  11.005  0.5631
23  23  133.9589  -1.0299  11.005  0.5379
24  24  135.1078  -1.0909  11.005  0.5405
25  25  135.3406  -1.0296  11.005  0.5399
26  26  134.2291  -1.0747  11.005  0.5460
27  27  135.7473  -1.1426  11.005  0.5283
28  28  137.4485  -1.1822  11.005  0.5166
29  29  137.6446  -1.0784  11.005  0.5167
30  30  136.3529  -1.0057  11.005  0.5299
31  31  139.0244  -1.1718  11.005  0.5043
32  32  136.2003  -1.1096  11.005  0.4994
33  33  139.6819  -0.8768  11.005  0.4989
34  34  146.1108  -0.3572  11.005  nan
35  35  142.4830  -1.1431  11.005  0.4898
36  36  141.5723  -1.0552  11.005  0.4947
37  37  143.9146  -0.9834  11.005  0.4663
38  38  145.3942  -1.0724  11.005  0.4675
39  39  144.3698  -1.0942  11.005  0.4768
40  40  147.7314  -1.0730  11.005  0.4541
41  41  148.0725  -1.0116  11.005  0.4527
42  42  150.6136  -1.1270  11.005  0.4463
43  43  150.5845  -1.1584  11.005  0.4532
44  44  154.1948  -1.0752  11.005  0.4333
45  45  159.0224  -1.0693  11.005  nan
46  46  162.4342  -0.9429  11.005  0.3929
47  47  140.2923  -0.9080  11.005  nan
48  48  141.6946  -1.0800  11.005  nan
49  49  142.6104  -1.1419  11.005  nan
50  50  142.4678  -1.0666  11.005  nan
51  51  141.5493  -1.0673  11.005  nan
52  52  140.1003  -1.0423  11.005  nan
53  53  142.6015  -1.1708  11.005  nan
54  54  144.0354  -1.1648  11.005  nan
55  55  128.4479  -1.1712  11.005  0.6340
56  56  144.0199  -0.9789  11.005  nan
57  57  142.4447  -1.0906  11.005  nan
58  58  129.3241  -1.1575  11.005  0.5868
59  59  130.6528  -1.1269  11.005  0.5761
60  60  131.0238  -1.0775  11.005  0.5751
61  61  130.7135  -0.9739  11.005  0.5720
62  62  134.4940  -0.3264  11.005  nan
63  63  130.6950  -1.3225  11.005  0.5829
64  64  132.3125  -1.2411  11.005  0.5659
65  65  133.1102  -1.1168  11.005  0.5510
66  66  132.2627  -1.2088  11.005  0.5656
67  67  133.7533  -1.0477  11.005  0.5453
68  68  134.8236  -1.2416  11.005  0.5438
69  69  134.8855  -1.1647  11.005  0.5408
70  70  133.5658  -0.9431  11.005  0.5394
71  71  135.8293  -1.1677  11.005  0.5211
72  72  137.1373  -1.1290  11.005  0.5206
73  73  137.4833  -1.1254  11.005  0.5123
74  74  135.8860  -1.1337  11.005  0.5267
75  75  138.9050  -1.1508  11.005  0.5053
76  76  139.6702  -1.2238  11.005  0.5041
77  77  138.9511  -1.1429  11.005  0.5060
78  78  141.3598  -1.1106  11.005  0.4869
79  79  142.3037  -1.1514  11.005  0.4863
80  80  141.5087  -1.0514  11.005  0.4869
81  81  143.8519  -1.2023  11.005  0.4740
82  82  145.0863  -1.1491  11.005  0.4686
83  83  143.7862  -1.1420  11.005  0.4790
84  84  147.6351  -1.0781  11.005  0.4535
85  85  147.5592  -1.1458  11.005  0.4552
86  86  150.7127  -1.1590  11.005  0.4407
87  87  150.4707  -1.1261  11.005  0.4451
88  88  153.7145  -1.1101  11.005  0.4321
89  89  157.6402  -1.1971  11.005  0.4178
90  90  161.0675  -1.2137  11.005  0.4109
91  91  140.9411  -1.3935  11.005  nan
92  92  142.2853  -1.2359  11.005  nan
93  93  143.0174  -1.3020  11.005  nan
94  94  142.8567  -1.2600  11.005  nan
95  95  141.8875  -1.1311  11.005  nan
96  96  140.2070  -1.0840  11.005  nan
97  97  143.1995  -1.2175  11.005  nan
98  98  127.0436  -1.2157  11.005  0.7061
99  99  131.5327  -1.1781  11.005  0.5704
100  100  132.7584  -1.2435  11.005  0.5646
101  101  133.1872  -1.2099  11.005  0.5626
102  102  132.5925  -1.1274  11.005  0.5637
103  103  134.0197  -1.1999  11.005  0.5505
104  104  135.3182  -1.1390  11.005  0.5399
105  105  135.1056  -1.1186  11.005  0.5401
106  106  133.8067  -1.1774  11.005  0.5444
107  107  129.0294  -1.1469  11.005  0.6190
108  108  144.2495  -1.1072  11.005  nan
109  109  142.6656  -1.1748  11.005  nan
110  110  128.9427  -1.1996  11.005  0.6260
111  111  131.0073  -1.1313  11.005  0.5779
112  112  131.3833  -1.2740  11.005  0.5774
113  113  130.7000  -1.3022  11.005  0.5833
114  114  128.9524  -1.1756  11.005  0.6159
115  115  136.1930  -1.1098  11.005  0.5316
116  116  137.6065  -1.0882  11.005  0.5184
117  117  137.3854  -1.2363  11.005  0.5195
118  118  135.8593  -0.9965  11.005  0.5311
119  119  139.2726  -1.1909  11.005  0.5114
120  120  139.8808  -1.2903  11.005  0.5080
121  121  138.5968  -1.2541  11.005  0.5221
122  122  141.8064  -1.1990  11.005  0.4925
123  123  142.3988  -1.1611  11.005  0.4918
124  124  141.1544  -1.1569  11.005  0.4980
125  125  144.2295  -1.1718  11.005  0.4789
126  126  145.2255  -1.1832  11.005  0.4732
127  127  143.5690  -1.2755  11.005  0.4870
128  128  147.7640  -1.1753  11.005  0.4622
129  129  147.5516  -1.1973  11.005  0.4625
130  130  151.1851  -1.0580  11.005  0.4414
131  131  150.3424  -1.0669  11.005  0.4408
132  132  153.6142  -1.2278  11.005  0.4359
133  133  157.4487  -1.1787  11.005  0.4250
134  134  161.2116  -1.1232  11.005  0.4124
135  135  66.7530  -0.2953  11.005  0.5445
136  136  64.2958  -0.2862  11.005  0.5267
137  137  62.3481  -0.1593  11.005  0.5234
138  138  61.1809  -0.2044  11.005  0.5327
139  139  64.4341  -0.2338  11.005  nan
140  140  64.4139  -0.1724  11.005  0.5294
141  141  62.7820  -0.1944  11.005  0.5249
142  142  61.3424  -0.2739  11.005  0.5333
143  143  57.1242  -0.2541  11.005  0.7534
144  144  54.6504  -0.2996  11.005  0.7466
145  145  52.6049  -0.3058  11.005  0.7377
146  146  51.2257  -0.2804  11.005  0.7478
147  147  56.8767  -0.1673  11.005  0.7532
148  148  54.1870  -0.2982  11.005  nan
149  149  52.4630  -0.2238  11.005  0.7389
150  150  51.0834  -0.1602  11.005  0.7454
151  151  52.1104  -0.1608  11.005  0.5384
152  152  47.3931  -0.1586  11.005  0.5245
153  153  44.0025  -0.1990  11.005  0.5227
154  154  41.3203  -0.1734  11.005  0.5306
155  155  51.9576  -0.2406  11.005  0.5406
156  156  47.4595  -0.1728  11.005  0.5235
157  157  43.7944  -0.2589  11.005  0.5239
158  158  41.5132  -0.1562  11.005  0.5339
159  159  42.2226  -0.1401  11.005  0.7454
160  160  41.1812  -0.0119  11.005  nan
161  161  33.6311  -0.1667  11.005  0.7228
162  162  31.8550  -0.1131  11.005  0.7430
163  163  42.5866  -0.1038  11.005  0.7438
164  164  38.7036  -0.1955  11.005  0.7358
165  165  35.1876  -0.4977  11.005  0.7412
166  166  32.5656  -0.2351  11.005  0.7380
167  167  45.9927  -0.3943  11.005  0.7484
168  168  44.7725  -0.2089  11.005  nan
169  169  40.3808  -0.1357  11.005  nan
170  170  36.8566  0.1103  11.005  nan
171  171  46.1425  -0.0839  11.005  0.7381
172  172  42.8253  0.0415  11.005  0.7278
173  173  39.4439  -0.1666  11.005  nan
174  174  36.6086  -0.2139  11.005  nan
175  175  55.9935  -0.1595  11.005  0.5386
176  176  52.0839  -0.1951  11.005  0.5238
177  177  46.2221  -0.2079  11.005  0.5150
178  178  46.0444  -0.2386  11.005  0.5327
179  179  55.0913  -0.3202  11.005  0.5364
180  180  51.1735  -0.0818  11.005  0.5204
181  181  50.4326  -0.1385  11.005  nan
182  182  46.0134  -0.2010  11.005  0.5160
183  183  60.8699  -0.1692  11.005  0.7504
184  184  58.6572  -0.2393  11.005  0.7367
185  185  56.8783  -0.2229  11.005  0.7344
186  186  59.6355  -0.1977  11.005  nan
187  187  60.4267  -0.1953  11.005  0.7475
188  188  58.4481  -0.0957  11.005  0.7381
189  189  46.3019  -0.3997  11.005  0.7350
190  190  55.0281  -0.2475  11.005  0.7346
191  191  69.9374  -0.2434  11.005  0.5393
192  192  67.8555  -0.2006  11.005  0.5226
193  193  66.2430  -0.1912  11.005  0.5204
194  194  65.5312  -0.1762  11.005  0.5278
195  195  65.4210  -0.2527  11.005  nan
196  196  64.2267  -0.1673  11.005  nan
197  197  63.5547  -0.2354  11.005  nan
198  198  63.0360  -0.2750  11.005  nan
