Plik	Det	Theta	t0	L0	L1
1	1	142.3606	-5.0832	11.055	0.7845
2	2	144.4654	-4.5916	11.055	0.7495
3	3	144.6951	-5.0042	11.055	0.7569
4	4	144.4506	-5.2207	11.055	0.7605
5	5	143.7308	-5.1805	11.055	0.7658
6	6	142.649	-5.2164	11.055	0.7778
7	7	143.8049	-5.4364	11.055	0.7823
8	8	145.5294	-5.1136	11.055	0.7518
9	9	145.445	-5.1136	11.055	0.7518
10	10	146.1017	-4.9805	11.055	0.738
11	11	144.9243	-5.1167	11.055	0.7524
12	12	146.1239	-4.9515	11.055	0.7433
13	13	147.592	-4.6736	11.055	0.7196
14	14	147.6996	-5.2769	11.055	0.7346
15	15	147.365	-5.1577	11.055	0.7355
16	16	146.5983	-5.038	11.055	0.7339
17	17	147.4338	-5.1135	11.055	0.7394
18	18	148.553	-5.125	11.055	0.7258
19	19	149.2898	-5.1829	11.055	0.7243
20	20	149.3436	-4.9733	11.055	0.7109
21	21	148.8306	-5.3623	11.055	0.7337
22	22	150.744	-5.2171	11.055	0.7157
23	23	151.1194	-5.1401	11.055	0.7049
24	24	150.2249	-5.2189	11.055	0.7166
25	25	151.1819	-5.1404	11.055	0.7073
26	26	152.6145	-4.9257	11.055	0.6964
27	27	152.2181	-5.4151	11.055	0.7083
28	28	151.8185	-5.2102	11.055	0.7024
29	29	152.4876	-5.4422	11.055	0.7128
30	30	154.2903	-5.1942	11.055	0.6893
31	31	154.6084	-4.6048	11.055	0.6697
32	32	155.9017	-4.6973	11.055	0.6661
33	33	156.4113	-4.7979	11.055	0.6714
34	34	155.0016	-5.5853	11.055	0.695
35	35	156.0991	-5.5958	11.055	0.6915
36	36	158.063	-5.2411	11.055	0.6675
37	37	157.3911	-5.3506	11.055	0.6732
38	38	159.0226	-5.1851	11.055	0.6687
39	39	159.7182	-5.2131	11.055	0.6602
40	40	160.483	-5.381	11.055	0.6627
41	41	160.1342	-5.6754	11.055	0.6741
42	42	164.7682	-4.791	11.055	0.626
43	43	164.8629	-5.3746	11.055	0.6452
44	44	165.3679	-5.4563	11.055	0.6556
45	45	165.3542	-5.4563	11.055	0.6558
46	46	165.3542	-5.4563	11.055	0.6558
47	47	165.3542	-5.4563	11.055	0.6558
48	48	165.3542	-5.4563	11.055	0.6558
49	49	67.6034	-5.046	11.055	0.7087
50	50	65.7519	-5.0301	11.055	0.7036
51	51	63.8747	-4.9583	11.055	0.6993
52	52	61.5257	-4.8877	11.055	0.6902
53	53	59.2076	-5.0958	11.055	0.697
54	54	57.2753	-4.8807	11.055	0.6865
55	55	55.2552	-4.8038	11.055	0.683
56	56	53.5176	-5.0256	11.055	0.6954
57	57	32.8547	-4.9822	11.055	0.7036
58	58	34.7499	-4.9922	11.055	0.6993
59	59	36.9077	-5.0697	11.055	0.695
60	60	39.0026	-4.8836	11.055	0.6818
61	61	41.1321	-5.1256	11.055	0.6985
62	62	43.1988	-4.9568	11.055	0.6887
63	63	45.0228	-4.9845	11.055	0.6934
64	64	47.4125	-4.9629	11.055	0.6898
65	65	51.9482	-5.0217	11.055	0.6962
66	66	54.1789	-5.0373	11.055	0.6914
67	67	56.0618	-5.0286	11.055	0.6921
68	68	58.2326	-4.9941	11.055	0.6858
69	69	60.2717	-4.8706	11.055	0.6783
70	70	62.0295	-4.9539	11.055	0.6836
71	71	64.5026	-4.8983	11.055	0.6843
72	72	66.4506	-4.9578	11.055	0.6924
73	73	48.4148	-5.0086	11.055	0.7026
74	74	46.4028	-4.965	11.055	0.6966
75	75	44.8248	-4.9701	11.055	0.6942
76	76	42.8004	-5.0397	11.055	0.6973
77	77	40.4756	-4.8205	11.055	0.6805
78	78	38.6031	-4.9212	11.055	0.6867
79	79	36.3285	-4.9234	11.055	0.6842
80	80	34.3182	-5.0069	11.055	0.6924
81	81	0	-4.4406	11.055	-2.4605
82	82	0	-4.9176	11.055	2.389
83	83	155.9605	-5.4119	11.055	0.6125
84	84	154.6419	-5.3878	11.055	0.6155
85	85	157.192	-5.411	11.055	0.6046
