plik	det	theta	t0	L0	L1
1	1	131.1	-0.5934	11.055	0.6213
2	2	132.66	-0.4956	11.055	0.5993
3	3	133.52	-0.4001	11.055	0.5861
4	4	133.33	-0.4668	11.055	0.5883
5	5	132.4	-0.4755	11.055	0.6005
6	6	130.84	-0.4329	11.055	0.6201
7	7	133.43	-0.5135	11.055	0.5905
8	8	134.55	-0.6117	11.055	0.5823
9	9	135.16	-0.5012	11.055	0.5689
10	10	134.45	-0.5825	11.055	0.5812
11	11	132.97	-0.588	11.055	0.5991
12	12	135.16	-0.5973	11.055	0.5782
13	13	136.45	-0.5452	11.055	0.5609
14	14	136.81	-0.5677	11.055	0.5583
15	15	136.27	-0.4763	11.055	0.5591
16	16	136.27	-0.4763	11.055	0.5591
17	17	136.81	-0.5266	11.055	0.5586
18	18	138.24	-0.5464	11.055	0.5447
19	19	138.65	-0.5897	11.055	0.5419
20	20	138.09	-0.515	11.055	0.5439
21	21	139.42	-0.5485	11.055	0.5349
22	22	140.7	-0.6036	11.055	0.5265
23	23	140.73	-0.461	11.055	0.5222
24	24	139.12	-0.4682	11.055	0.5334
25	25	141.38	-0.5728	11.055	0.5215
26	26	142.92	-0.4859	11.055	0.5055
27	27	142.54	-0.545	11.055	0.5103
28	28	141.1	-0.5256	11.055	0.5212
29	29	144.66	-0.4546	11.055	0.4932
30	30	145.32	-0.5258	11.055	0.4918
31	31	144.3	-0.4727	11.055	0.4958
32	32	146.74	-0.5329	11.055	0.4832
33	33	147.48	-0.4583	11.055	0.4761
34	34	146.26	-0.5208	11.055	0.4867
35	35	149.17	-0.4906	11.055	0.4683
36	36	150.1	-0.5199	11.055	0.4639
37	37	148.61	-0.5525	11.055	0.4759
38	38	152.56	-0.4565	11.055	0.451
39	39	152.12	-0.5343	11.055	0.4572
40	40	155.09	-0.5162	11.055	0.4439
41	41	154.7	-0.5298	11.055	0.4455
42	42	157.34	-0.5107	11.055	0.4369
43	43	160.46	-0.5634	11.055	0.4293
44	44	163.06	-0.6044	11.055	0.424
