plik	det	theta	t0	L0	L1
  1.0000	1.0000  34.52  -0.5000  11.0000   0.7594
  2.0000   2.0000  40.04  -0.5000  11.0000   0.7554
  3.0000   3.0000  43.62  -0.5000  11.0000   0.7643
  4.0000   4.0000  44.15  -0.5000  11.0000   0.5600
  5.0000   5.0000  47.62  -0.5000  11.0000   0.7654
  6.0000   6.0000  49.20  -0.5000  11.0000   0.5573
  7.0000   7.0000  53.06  -0.5000  11.0000   0.7612
  8.0000   8.0000  53.46  -0.5000  11.0000   0.5658
  9.0000   9.0000  56.89  -0.5000  11.0000   0.7635
 10.0000  10.0000  57.19  -0.5000  11.0000   0.5725
 11.0000  11.0000  59.40  -0.5000  11.0000   0.7590
 12.0000  12.0000  62.08  -0.5000  11.0000   0.7654
 13.0000  13.0000  62.31  -0.5000  11.0000   0.5591
 14.0000  14.0000  65.93 -0.5000  11.0000   0.5697
 15.0000  15.0000  68.94  -0.5000  11.0000   0.5606
 16.0000  16.0000  71.83  -0.5000  11.0000   0.5688
 