3	3	133.627724	0	11.005	0.66437
4	4	135.0913281	0	11.005	0.6484
5	5	135.7641959	0	11.005	0.64207
6	6	135.5390899	0	11.005	0.64566
7	7	134.4643476	0	11.005	0.65902
8	8	132.7220598	0	11.005	0.68157
9	9	136.0193822	0	11.005	0.63788
10	10	137.2328059	0	11.005	0.62636
11	11	137.4822496	0	11.005	0.62494
12	12	136.7305171	0	11.005	0.6337
13	13	135.1262097	0	11.005	0.65223
14	14	136.6612955	0	11.005	0.63081
15	15	138.4691476	0	11.005	0.61396
16	16	139.3039292	0	11.005	0.60727
17	17	139.0063819	0	11.005	0.61107
18	18	137.6491749	0	11.005	0.62517
19	19	139.3968433	0	11.005	0.60508
20	20	140.912153	0	11.005	0.59292
21	21	141.2159019	0	11.005	0.59142
22	22	140.2497439	0	11.005	0.60067
23	23	142.2041261	0	11.005	0.58213
24	24	143.2561345	0	11.005	0.57507
25	25	142.85995	0	11.005	0.57908
26	26	141.1293362	0	11.005	0.59394
27	27	143.0814052	0	11.005	0.57512
28	28	144.9993607	0	11.005	0.56231
29	29	145.3756759	0	11.005	0.56073
30	30	144.1193276	0	11.005	0.57048
31	31	146.3045648	0	11.005	0.55337
32	32	147.6522946	0	11.005	0.54594
33	33	147.1188039	0	11.005	0.55016
34	34	149.5077724	0	11.005	0.53501
35	35	149.9852192	0	11.005	0.53335
36	36	148.3275851	0	11.005	0.54359
37	37	150.7461781	0	11.005	0.52818
38	38	152.5093635	0	11.005	0.52038
39	39	151.7801023	0	11.005	0.52481
40	40	154.4230847	0	11.005	0.51155
41	41	155.047821	0	11.005	0.50982
42	42	157.8200907	0	11.005	0.49896
43	43	156.7976698	0	11.005	0.50357
44	44	160.5348439	0	11.005	0.49069
45	45	163.5419586	0	11.005	0.48221
46	46	166.3615413	0	11.005	0.4765
47	47	133.9545326	0	11.005	0.66075
48	48	135.3966812	0	11.005	0.64381
49	49	136.0355874	0	11.005	0.63654
50	50	135.7566163	0	11.005	0.63928
51	51	134.6098039	0	11.005	0.6519
52	52	132.7831739	0	11.005	0.67385
53	53	136.3594303	0	11.005	0.634
54	54	137.552145	0	11.005	0.62149
55	55	137.7610758	0	11.005	0.61915
56	56	136.944963	0	11.005	0.62709
57	57	135.2578843	0	11.005	0.64493
58	58	137.0272397	0	11.005	0.62768
59	59	138.8281745	0	11.005	0.60982
60	60	139.6387408	0	11.005	0.60214
61	61	139.2894749	0	11.005	0.60503
62	62	137.8552091	0	11.005	0.61835
63	63	139.7820905	0	11.005	0.6017
64	64	141.2924202	0	11.005	0.58851
65	65	141.5653237	0	11.005	0.58604
66	66	140.5324617	0	11.005	0.59442
67	67	142.6165168	0	11.005	0.5785
68	68	143.6603607	0	11.005	0.57041
69	69	143.2167122	0	11.005	0.57346
70	70	141.3996256	0	11.005	0.5875
71	71	143.506541	0	11.005	0.57231
72	72	145.4423106	0	11.005	0.55843
73	73	145.7993299	0	11.005	0.55582
74	74	144.4734764	0	11.005	0.56465
75	75	146.7651085	0	11.005	0.55034
76	76	148.1273081	0	11.005	0.54182
77	77	147.5542764	0	11.005	0.54503
78	78	150.0102314	0	11.005	0.53174
79	79	150.488235	0	11.005	0.529
80	80	148.7560635	0	11.005	0.53827
81	81	151.242829	0	11.005	0.52581
82	82	153.0555958	0	11.005	0.51689
83	83	152.2945425	0	11.005	0.52026
84	84	154.9738159	0	11.005	0.50898
85	85	155.6296141	0	11.005	0.50612
86	86	158.4318236	0	11.005	0.49618
87	87	157.3874358	0	11.005	0.49969
88	88	161.1907651	0	11.005	0.48772
89	89	164.2018923	0	11.005	0.48022
90	90	167.0804235	0	11.005	0.47435
91	91	134.3390965	0	11.005	0.66362
92	92	135.7840514	0	11.005	0.6459
93	93	136.421809	0	11.005	0.6378
94	94	136.1289305	0	11.005	0.63967
95	95	134.9485049	0	11.005	0.65144
96	96	133.0696931	0	11.005	0.67259
97	97	136.7326121	0	11.005	0.6365
98	98	137.9303926	0	11.005	0.62316
99	99	138.1367951	0	11.005	0.61994
100	100	137.2998071	0	11.005	0.62699
101	101	135.5678671	0	11.005	0.64398
102	102	137.380997	0	11.005	0.63057
103	103	139.1906954	0	11.005	0.6119
104	104	140.0094131	0	11.005	0.60334
105	105	139.6533133	0	11.005	0.60532
106	106	138.186864	0	11.005	0.61774
107	107	140.1242785	0	11.005	0.6042
108	108	141.6489327	0	11.005	0.59013
109	109	141.9277917	0	11.005	0.58673
110	110	140.8793629	0	11.005	0.59418
111	111	142.9495833	0	11.005	0.58056
112	112	144.012073	0	11.005	0.57153
113	113	143.5717693	0	11.005	0.57363
114	114	141.7256355	0	11.005	0.58672
115	115	143.8099266	0	11.005	0.57481
116	116	145.7719083	0	11.005	0.56
117	117	146.1498953	0	11.005	0.55641
118	118	144.8156909	0	11.005	0.56426
119	119	147.0612322	0	11.005	0.55236
120	120	148.4592498	0	11.005	0.54286
121	121	147.901684	0	11.005	0.54506
122	122	150.3073148	0	11.005	0.53324
123	123	150.8261426	0	11.005	0.52948
124	124	149.0962122	0	11.005	0.53772
125	125	151.4923192	0	11.005	0.52778
126	126	153.3647368	0	11.005	0.51783
127	127	152.6387738	0	11.005	0.52014
128	128	155.2319517	0	11.005	0.5104
129	129	155.9585273	0	11.005	0.50646
130	130	158.7148814	0	11.005	0.497
131	131	157.7329055	0	11.005	0.49941
132	132	161.5141834	0	11.005	0.48792
133	133	164.4560397	0	11.005	0.48092
134	134	167.4076711	0	11.005	0.47439
135	135	65.52660789	0	11.005	0.55784
136	136	63.34521602	0	11.005	0.54408
137	137	61.62999082	0	11.005	0.54102
138	138	60.52284937	0	11.005	0.54882
139	139	65.39447605	0	11.005	0.54466
140	140	63.23408759	0	11.005	0.53492
141	141	61.59721266	0	11.005	0.53613
142	142	60.59804673	0	11.005	0.54822
143	143	56.58758866	0	11.005	0.75937
144	144	54.44309056	0	11.005	0.74992
145	145	52.65942964	0	11.005	0.74851
146	146	51.3237912	0	11.005	0.7552
147	147	54.75783454	0	11.005	0.7516
148	148	52.73639471	0	11.005	0.74554
149	149	51.13366005	0	11.005	0.74761
150	150	50.02192007	0	11.005	0.75774
151	151	50.57947698	0	11.005	0.55899
152	152	46.41812724	0	11.005	0.54557
153	153	42.9588678	0	11.005	0.54283
154	154	40.57967426	0	11.005	0.55091
155	155	49.95139136	0	11.005	0.5472
156	156	45.93366275	0	11.005	0.53793
157	157	42.75867998	0	11.005	0.53957
158	158	40.74768218	0	11.005	0.55202
159	159	41.21121337	0	11.005	0.7562
160	160	37.40338804	0	11.005	0.74779
161	161	34.06872998	0	11.005	0.74746
162	162	31.44545447	0	11.005	0.75523
163	163	40.85198546	0	11.005	0.75322
164	164	37.14053301	0	11.005	0.74529
165	165	33.93693679	0	11.005	0.74547
166	166	31.47639904	0	11.005	0.75377
167	167	45.12844232	0	11.005	0.75541
168	168	41.83783121	0	11.005	0.74679
169	169	39.01715939	0	11.005	0.74626
170	170	36.8487559	0	11.005	0.75384
171	171	44.29198532	0	11.005	0.74985
172	172	41.03506599	0	11.005	0.74183
173	173	38.28365662	0	11.005	0.74197
174	174	36.22260235	0	11.005	0.75025
175	175	54.05591672	0	11.005	0.55178
176	176	50.57423046	0	11.005	0.53944
177	177	47.80717435	0	11.005	0.53791
178	178	46.03069667	0	11.005	0.54729
179	179	53.34106436	0	11.005	0.54519
180	180	49.83652428	0	11.005	0.53388
181	181	47.10019987	0	11.005	0.53351
182	182	45.40532382	0	11.005	0.54409
183	183	59.75297967	0	11.005	0.75893
184	184	57.89751362	0	11.005	0.74979
185	185	56.37149377	0	11.005	0.7487
186	186	55.24491688	0	11.005	0.75571
187	187	59.51573273	0	11.005	0.75122
188	188	57.68784826	0	11.005	0.74355
189	189	56.20816762	0	11.005	0.74401
190	190	55.14088638	0	11.005	0.75259
191	191	69.07414804	0	11.005	0.55309
192	192	67.30114647	0	11.005	0.54127
193	193	65.94648137	0	11.005	0.54025
194	194	65.10838474	0	11.005	0.55008
195	195	69.36177503	0	11.005	0.55251
196	196	67.46609994	0	11.005	0.54156
197	197	65.98512355	0	11.005	0.54142
198	198	65.02058503	0	11.005	0.5521
